"id","time","高速路均速历史值","name","高速路均速","实时和历史趋势","f7","f8","f9","f10","f11","f12","f13","f14","f15","f16","f17","f18","f19","f20","f21","f22","f23","f24","f25","f26","f27"
"1","2019/1/12 0:02","30.44","主城区","31.2","[{""y"":30.45","x:""00:00:00""","s:""1""}","{""x"":""00:00:00""","y:30.92","s:""2""}","{""y"":30.44","x:""00:02:00""","s:""1""}","{""x"":""00:02:00""","y:31.2","s:""2""}","{""y"":30.48","x:""00:04:00""","s:""1""}","{""y"":30.49","x:""00:06:00""","s:""1""}","{""y"":30.51","x:""00:08:00""","s:""1""}","{""y"":30.56"
"10","2019/1/12 0:06","30.49","主城区","31.1","[{""y"":30.45","x:""00:00:00""","s:""1""}","{""x"":""00:00:00""","y:30.92","s:""2""}","{""y"":30.44","x:""00:02:00""","s:""1""}","{""x"":""00:02:00""","y:31.2","s:""2""}","{""y"":30.48","x:""00:04:00""","s:""1""}","{""x"":""00:04:00""","y:31.06","s:""2""}","{""y"":30.49","x:""00:06:00""","s:""1""}","{""x"":""00:0"
"100","2019/1/12 0:20","32.04","下沙大队","32.79","[{""y"":31.78","x:""00:00:00""","s:""1""}","{""x"":""00:00:00""","y:33.02","s:""2""}","{""y"":31.73","x:""00:02:00""","s:""1""}","{""x"":""00:02:00""","y:33.25","s:""2""}","{""y"":31.94","x:""00:04:00""","s:""1""}","{""x"":""00:04:00""","y:32.58","s:""2""}","{""y"":32.02","x:""00:06:00""","s:""1""}","{""x"":""00:"
"1000","2019/1/12 0:06","33.33","滨江大队","33.27","[{""y"":33.38","x:""00:00:00""","s:""1""}","{""x"":""00:00:00""","y:33.22","s:""2""}","{""y"":33.38","x:""00:02:00""","s:""1""}","{""x"":""00:02:00""","y:33.44","s:""2""}","{""y"":33.42","x:""00:04:00""","s:""1""}","{""x"":""00:04:00""","y:33.42","s:""2""}","{""y"":33.33","x:""00:06:00""","s:""1""}","{""x"":""00:"
"1001","2019/1/12 0:06","39.87","萧山大队","38.2","[{""y"":39.77","x:""00:00:00""","s:""1""}","{""x"":""00:00:00""","y:39.01","s:""2""}","{""y"":39.34","x:""00:02:00""","s:""1""}","{""x"":""00:02:00""","y:38.8","s:""2""}","{""y"":39.57","x:""00:04:00""","s:""1""}","{""x"":""00:04:00""","y:38.82","s:""2""}","{""y"":39.87","x:""00:06:00""","s:""1""}","{""x"":""00:0"
"1002","2019/1/12 0:06","31.56","西湖大队","32.65","[{""y"":31.45","x:""00:00:00""","s:""1""}","{""x"":""00:00:00""","y:31.86","s:""2""}","{""y"":31.39","x:""00:02:00""","s:""1""}","{""x"":""00:02:00""","y:32.19","s:""2""}","{""y"":31.56","x:""00:04:00""","s:""1""}","{""x"":""00:04:00""","y:32.32","s:""2""}","{""y"":31.56","x:""00:06:00""","s:""1""}","{""x"":""00:"
"1003","2019/1/12 0:08","28.41","上城大队","30.37","[{""y"":28.65","x:""00:00:00""","s:""1""}","{""x"":""00:00:00""","y:28.86","s:""2""}","{""y"":28.44","x:""00:02:00""","s:""1""}","{""x"":""00:02:00""","y:29.54","s:""2""}","{""y"":28.39","x:""00:04:00""","s:""1""}","{""x"":""00:04:00""","y:28.92","s:""2""}","{""y"":28.41","x:""00:06:00""","s:""1""}","{""x"":""00:"
"1004","2019/1/12 0:08","28.09","下城大队","28.76","[{""y"":27.94","x:""00:00:00""","s:""1""}","{""x"":""00:00:00""","y:28.69","s:""2""}","{""y"":28.01","x:""00:02:00""","s:""1""}","{""x"":""00:02:00""","y:28.63","s:""2""}","{""y"":28","x:""00:04:00""","s:""1""}","{""x"":""00:04:00""","y:28.66","s:""2""}","{""y"":28.04","x:""00:06:00""","s:""1""}","{""x"":""00:06:"
"1005","2019/1/12 0:08","32.08","下沙大队","32.37","[{""y"":31.78","x:""00:00:00""","s:""1""}","{""x"":""00:00:00""","y:33.02","s:""2""}","{""y"":31.73","x:""00:02:00""","s:""1""}","{""x"":""00:02:00""","y:33.25","s:""2""}","{""y"":31.94","x:""00:04:00""","s:""1""}","{""x"":""00:04:00""","y:32.58","s:""2""}","{""y"":32.02","x:""00:06:00""","s:""1""}","{""x"":""00:"
"1006","2019/1/12 0:08","41.07","临安大队","44.42","[{""y"":43.53","x:""00:00:00""","s:""1""}","{""x"":""00:00:00""","y:37.98","s:""2""}","{""y"":42.09","x:""00:02:00""","s:""1""}","{""x"":""00:02:00""","y:43.36","s:""2""}","{""y"":41.85","x:""00:04:00""","s:""1""}","{""x"":""00:04:00""","y:42.97","s:""2""}","{""y"":41.02","x:""00:06:00""","s:""1""}","{""x"":""00:"
"1007","2019/1/12 0:08","30.51","主城区","31.2","[{""y"":30.45","x:""00:00:00""","s:""1""}","{""x"":""00:00:00""","y:30.92","s:""2""}","{""y"":30.44","x:""00:02:00""","s:""1""}","{""x"":""00:02:00""","y:31.2","s:""2""}","{""y"":30.48","x:""00:04:00""","s:""1""}","{""x"":""00:04:00""","y:31.06","s:""2""}","{""y"":30.49","x:""00:06:00""","s:""1""}","{""x"":""00:0"
"1008","2019/1/12 0:08","35.9","余杭大队","35.05","[{""y"":36.37","x:""00:00:00""","s:""1""}","{""x"":""00:00:00""","y:35.51","s:""2""}","{""y"":36.47","x:""00:02:00""","s:""1""}","{""x"":""00:02:00""","y:35.92","s:""2""}","{""y"":36.48","x:""00:04:00""","s:""1""}","{""x"":""00:04:00""","y:36.02","s:""2""}","{""y"":36.23","x:""00:06:00""","s:""1""}","{""x"":""00:"
"1009","2019/1/12 0:08","46.87","大江东大队","46.75","[{""y"":47.21","x:""00:00:00""","s:""1""}","{""x"":""00:00:00""","y:46.46","s:""2""}","{""y"":47.5","x:""00:02:00""","s:""1""}","{""x"":""00:02:00""","y:47.48","s:""2""}","{""y"":47.01","x:""00:04:00""","s:""1""}","{""x"":""00:04:00""","y:47.41","s:""2""}","{""y"":46.76","x:""00:06:00""","s:""1""}","{""x"":""00:0"
"101","2019/1/12 0:20","38.52","临安大队","40.02","[{""y"":43.53","x:""00:00:00""","s:""1""}","{""x"":""00:00:00""","y:37.98","s:""2""}","{""y"":42.09","x:""00:02:00""","s:""1""}","{""x"":""00:02:00""","y:43.36","s:""2""}","{""y"":41.85","x:""00:04:00""","s:""1""}","{""x"":""00:04:00""","y:42.97","s:""2""}","{""y"":41.02","x:""00:06:00""","s:""1""}","{""x"":""00:"
"1010","2019/1/12 0:08","41.18","富阳大队","39.25","[{""y"":41.59","x:""00:00:00""","s:""1""}","{""x"":""00:00:00""","y:34.53","s:""2""}","{""y"":41.31","x:""00:02:00""","s:""1""}","{""x"":""00:02:00""","y:40.01","s:""2""}","{""y"":41.55","x:""00:04:00""","s:""1""}","{""x"":""00:04:00""","y:32.89","s:""2""}","{""y"":41.75","x:""00:06:00""","s:""1""}","{""x"":""00:"
"1011","2019/1/12 0:08","36.77","建德大队","32.45","[{""y"":36.11","x:""00:00:00""","s:""1""}","{""x"":""00:00:00""","y:35.36","s:""2""}","{""y"":36.25","x:""00:02:00""","s:""1""}","{""x"":""00:02:00""","y:36.38","s:""2""}","{""y"":36.37","x:""00:04:00""","s:""1""}","{""x"":""00:04:00""","y:35.85","s:""2""}","{""y"":36.09","x:""00:06:00""","s:""1""}","{""x"":""00:"
"102","2019/1/12 0:20","30.73","主城区","31.33","[{""y"":30.45","x:""00:00:00""","s:""1""}","{""x"":""00:00:00""","y:30.92","s:""2""}","{""y"":30.44","x:""00:02:00""","s:""1""}","{""x"":""00:02:00""","y:31.2","s:""2""}","{""y"":30.48","x:""00:04:00""","s:""1""}","{""x"":""00:04:00""","y:31.06","s:""2""}","{""y"":30.49","x:""00:06:00""","s:""1""}","{""x"":""00:0"
"103","2019/1/12 0:20","46.95","大江东大队","42.18","[{""y"":47.21","x:""00:00:00""","s:""1""}","{""x"":""00:00:00""","y:46.46","s:""2""}","{""y"":47.5","x:""00:02:00""","s:""1""}","{""x"":""00:02:00""","y:47.48","s:""2""}","{""y"":47.01","x:""00:04:00""","s:""1""}","{""x"":""00:04:00""","y:47.41","s:""2""}","{""y"":46.76","x:""00:06:00""","s:""1""}","{""x"":""00:0"
"104","2019/1/12 0:20","29.32","拱墅大队","28.53","[{""y"":29","x:""00:00:00""","s:""1""}","{""x"":""00:00:00""","y:28.99","s:""2""}","{""y"":29.07","x:""00:02:00""","s:""1""}","{""x"":""00:02:00""","y:29.35","s:""2""}","{""y"":29.12","x:""00:04:00""","s:""1""}","{""x"":""00:04:00""","y:29.07","s:""2""}","{""y"":29.09","x:""00:06:00""","s:""1""}","{""x"":""00:06:"
"105","2019/1/12 0:22","30.77","主城区","31.49","[{""y"":30.45","x:""00:00:00""","s:""1""}","{""x"":""00:00:00""","y:30.92","s:""2""}","{""y"":30.44","x:""00:02:00""","s:""1""}","{""x"":""00:02:00""","y:31.2","s:""2""}","{""y"":30.48","x:""00:04:00""","s:""1""}","{""x"":""00:04:00""","y:31.06","s:""2""}","{""y"":30.49","x:""00:06:00""","s:""1""}","{""x"":""00:0"
"106","2019/1/12 0:22","36.14","余杭大队","36.08","[{""y"":36.37","x:""00:00:00""","s:""1""}","{""x"":""00:00:00""","y:35.51","s:""2""}","{""y"":36.47","x:""00:02:00""","s:""1""}","{""x"":""00:02:00""","y:35.92","s:""2""}","{""y"":36.48","x:""00:04:00""","s:""1""}","{""x"":""00:04:00""","y:36.02","s:""2""}","{""y"":36.23","x:""00:06:00""","s:""1""}","{""x"":""00:"
"107","2019/1/12 0:22","31.83","西湖大队","32.86","[{""y"":31.45","x:""00:00:00""","s:""1""}","{""x"":""00:00:00""","y:31.86","s:""2""}","{""y"":31.39","x:""00:02:00""","s:""1""}","{""x"":""00:02:00""","y:32.19","s:""2""}","{""y"":31.56","x:""00:04:00""","s:""1""}","{""x"":""00:04:00""","y:32.32","s:""2""}","{""y"":31.56","x:""00:06:00""","s:""1""}","{""x"":""00:"
"108","2019/1/12 0:24","32.04","下沙大队","32.21","[{""y"":31.78","x:""00:00:00""","s:""1""}","{""x"":""00:00:00""","y:33.02","s:""2""}","{""y"":31.73","x:""00:02:00""","s:""1""}","{""x"":""00:02:00""","y:33.25","s:""2""}","{""y"":31.94","x:""00:04:00""","s:""1""}","{""x"":""00:04:00""","y:32.58","s:""2""}","{""y"":32.02","x:""00:06:00""","s:""1""}","{""x"":""00:"
"109","2019/1/12 0:24","39.37","临安大队","41.46","[{""y"":43.53","x:""00:00:00""","s:""1""}","{""x"":""00:00:00""","y:37.98","s:""2""}","{""y"":42.09","x:""00:02:00""","s:""1""}","{""x"":""00:02:00""","y:43.36","s:""2""}","{""y"":41.85","x:""00:04:00""","s:""1""}","{""x"":""00:04:00""","y:42.97","s:""2""}","{""y"":41.02","x:""00:06:00""","s:""1""}","{""x"":""00:"
"11","2019/1/12 0:06","36.23","余杭大队","35.39","[{""y"":36.37","x:""00:00:00""","s:""1""}","{""x"":""00:00:00""","y:35.51","s:""2""}","{""y"":36.47","x:""00:02:00""","s:""1""}","{""x"":""00:02:00""","y:35.92","s:""2""}","{""y"":36.48","x:""00:04:00""","s:""1""}","{""x"":""00:04:00""","y:36.02","s:""2""}","{""y"":36.23","x:""00:06:00""","s:""1""}","{""x"":""00:"
"110","2019/1/12 0:24","36.23","余杭大队","35.6","[{""y"":36.37","x:""00:00:00""","s:""1""}","{""x"":""00:00:00""","y:35.51","s:""2""}","{""y"":36.47","x:""00:02:00""","s:""1""}","{""x"":""00:02:00""","y:35.92","s:""2""}","{""y"":36.48","x:""00:04:00""","s:""1""}","{""x"":""00:04:00""","y:36.02","s:""2""}","{""y"":36.23","x:""00:06:00""","s:""1""}","{""x"":""00:"
"111","2019/1/12 0:24","45.89","富阳大队","43.19","[{""y"":41.59","x:""00:00:00""","s:""1""}","{""x"":""00:00:00""","y:34.53","s:""2""}","{""y"":41.31","x:""00:02:00""","s:""1""}","{""x"":""00:02:00""","y:40.01","s:""2""}","{""y"":41.55","x:""00:04:00""","s:""1""}","{""x"":""00:04:00""","y:32.89","s:""2""}","{""y"":41.75","x:""00:06:00""","s:""1""}","{""x"":""00:"
"112","2019/1/12 0:24","31.31","江干大队","32.4","[{""y"":31.05","x:""00:00:00""","s:""1""}","{""x"":""00:00:00""","y:31.64","s:""2""}","{""y"":31.09","x:""00:02:00""","s:""1""}","{""x"":""00:02:00""","y:31.66","s:""2""}","{""y"":31.07","x:""00:04:00""","s:""1""}","{""x"":""00:04:00""","y:31.5","s:""2""}","{""y"":31.13","x:""00:06:00""","s:""1""}","{""x"":""00:0"
"113","2019/1/12 0:24","37.89","淳安大队","34.3","[{""y"":37.38","x:""00:00:00""","s:""1""}","{""x"":""00:00:00""","y:32.32","s:""2""}","{""y"":37.27","x:""00:02:00""","s:""1""}","{""x"":""00:02:00""","y:32.13","s:""2""}","{""y"":37.44","x:""00:04:00""","s:""1""}","{""x"":""00:04:00""","y:34.13","s:""2""}","{""y"":37.63","x:""00:06:00""","s:""1""}","{""x"":""00:"
"114","2019/1/12 0:24","33.62","滨江大队","32.97","[{""y"":33.38","x:""00:00:00""","s:""1""}","{""x"":""00:00:00""","y:33.22","s:""2""}","{""y"":33.38","x:""00:02:00""","s:""1""}","{""x"":""00:02:00""","y:33.44","s:""2""}","{""y"":33.42","x:""00:04:00""","s:""1""}","{""x"":""00:04:00""","y:33.42","s:""2""}","{""y"":33.33","x:""00:06:00""","s:""1""}","{""x"":""00:"
"115","2019/1/12 0:24","40.47","萧山大队","38.69","[{""y"":39.77","x:""00:00:00""","s:""1""}","{""x"":""00:00:00""","y:39.01","s:""2""}","{""y"":39.34","x:""00:02:00""","s:""1""}","{""x"":""00:02:00""","y:38.8","s:""2""}","{""y"":39.57","x:""00:04:00""","s:""1""}","{""x"":""00:04:00""","y:38.82","s:""2""}","{""y"":39.87","x:""00:06:00""","s:""1""}","{""x"":""00:0"
"116","2019/1/12 0:24","31.89","西湖大队","32.92","[{""y"":31.45","x:""00:00:00""","s:""1""}","{""x"":""00:00:00""","y:31.86","s:""2""}","{""y"":31.39","x:""00:02:00""","s:""1""}","{""x"":""00:02:00""","y:32.19","s:""2""}","{""y"":31.56","x:""00:04:00""","s:""1""}","{""x"":""00:04:00""","y:32.32","s:""2""}","{""y"":31.56","x:""00:06:00""","s:""1""}","{""x"":""00:"
"117","2019/1/12 0:26","28.77","上城大队","29.95","[{""y"":28.65","x:""00:00:00""","s:""1""}","{""x"":""00:00:00""","y:28.86","s:""2""}","{""y"":28.44","x:""00:02:00""","s:""1""}","{""x"":""00:02:00""","y:29.54","s:""2""}","{""y"":28.39","x:""00:04:00""","s:""1""}","{""x"":""00:04:00""","y:28.92","s:""2""}","{""y"":28.41","x:""00:06:00""","s:""1""}","{""x"":""00:"
"118","2019/1/12 0:26","40.52","临安大队","41.23","[{""y"":43.53","x:""00:00:00""","s:""1""}","{""x"":""00:00:00""","y:37.98","s:""2""}","{""y"":42.09","x:""00:02:00""","s:""1""}","{""x"":""00:02:00""","y:43.36","s:""2""}","{""y"":41.85","x:""00:04:00""","s:""1""}","{""x"":""00:04:00""","y:42.97","s:""2""}","{""y"":41.02","x:""00:06:00""","s:""1""}","{""x"":""00:"
"119","2019/1/12 0:26","44.69","富阳大队","45.34","[{""y"":41.59","x:""00:00:00""","s:""1""}","{""x"":""00:00:00""","y:34.53","s:""2""}","{""y"":41.31","x:""00:02:00""","s:""1""}","{""x"":""00:02:00""","y:40.01","s:""2""}","{""y"":41.55","x:""00:04:00""","s:""1""}","{""x"":""00:04:00""","y:32.89","s:""2""}","{""y"":41.75","x:""00:06:00""","s:""1""}","{""x"":""00:"
"12","2019/1/12 0:06","46.76","大江东大队","47.05","[{""y"":47.21","x:""00:00:00""","s:""1""}","{""x"":""00:00:00""","y:46.46","s:""2""}","{""y"":47.5","x:""00:02:00""","s:""1""}","{""x"":""00:02:00""","y:47.48","s:""2""}","{""y"":47.01","x:""00:04:00""","s:""1""}","{""x"":""00:04:00""","y:47.41","s:""2""}","{""y"":46.76","x:""00:06:00""","s:""1""}","{""x"":""00:0"
"120","2019/1/12 0:26","36.5","建德大队","35.7","[{""y"":36.11","x:""00:00:00""","s:""1""}","{""x"":""00:00:00""","y:35.36","s:""2""}","{""y"":36.25","x:""00:02:00""","s:""1""}","{""x"":""00:02:00""","y:36.38","s:""2""}","{""y"":36.37","x:""00:04:00""","s:""1""}","{""x"":""00:04:00""","y:35.85","s:""2""}","{""y"":36.09","x:""00:06:00""","s:""1""}","{""x"":""00:"
"121","2019/1/12 0:26","33.62","滨江大队","32.85","[{""y"":33.38","x:""00:00:00""","s:""1""}","{""x"":""00:00:00""","y:33.22","s:""2""}","{""y"":33.38","x:""00:02:00""","s:""1""}","{""x"":""00:02:00""","y:33.44","s:""2""}","{""y"":33.42","x:""00:04:00""","s:""1""}","{""x"":""00:04:00""","y:33.42","s:""2""}","{""y"":33.33","x:""00:06:00""","s:""1""}","{""x"":""00:"
"122","2019/1/12 0:26","40.39","萧山大队","38.81","[{""y"":39.77","x:""00:00:00""","s:""1""}","{""x"":""00:00:00""","y:39.01","s:""2""}","{""y"":39.34","x:""00:02:00""","s:""1""}","{""x"":""00:02:00""","y:38.8","s:""2""}","{""y"":39.57","x:""00:04:00""","s:""1""}","{""x"":""00:04:00""","y:38.82","s:""2""}","{""y"":39.87","x:""00:06:00""","s:""1""}","{""x"":""00:0"
"123","2019/1/12 0:28","33.74","滨江大队","33.38","[{""y"":33.38","x:""00:00:00""","s:""1""}","{""x"":""00:00:00""","y:33.22","s:""2""}","{""y"":33.38","x:""00:02:00""","s:""1""}","{""x"":""00:02:00""","y:33.44","s:""2""}","{""y"":33.42","x:""00:04:00""","s:""1""}","{""x"":""00:04:00""","y:33.42","s:""2""}","{""y"":33.33","x:""00:06:00""","s:""1""}","{""x"":""00:"
"124","2019/1/12 0:28","40.36","萧山大队","38.34","[{""y"":39.77","x:""00:00:00""","s:""1""}","{""x"":""00:00:00""","y:39.01","s:""2""}","{""y"":39.34","x:""00:02:00""","s:""1""}","{""x"":""00:02:00""","y:38.8","s:""2""}","{""y"":39.57","x:""00:04:00""","s:""1""}","{""x"":""00:04:00""","y:38.82","s:""2""}","{""y"":39.87","x:""00:06:00""","s:""1""}","{""x"":""00:0"
"125","2019/1/12 0:30","28.88","上城大队","30.17","[{""y"":28.65","x:""00:00:00""","s:""1""}","{""x"":""00:00:00""","y:28.86","s:""2""}","{""y"":28.44","x:""00:02:00""","s:""1""}","{""x"":""00:02:00""","y:29.54","s:""2""}","{""y"":28.39","x:""00:04:00""","s:""1""}","{""x"":""00:04:00""","y:28.92","s:""2""}","{""y"":28.41","x:""00:06:00""","s:""1""}","{""x"":""00:"
"126","2019/1/12 0:30","30.86","主城区","31.72","[{""y"":30.45","x:""00:00:00""","s:""1""}","{""x"":""00:00:00""","y:30.92","s:""2""}","{""y"":30.44","x:""00:02:00""","s:""1""}","{""x"":""00:02:00""","y:31.2","s:""2""}","{""y"":30.48","x:""00:04:00""","s:""1""}","{""x"":""00:04:00""","y:31.06","s:""2""}","{""y"":30.49","x:""00:06:00""","s:""1""}","{""x"":""00:0"
"127","2019/1/12 0:30","35.43","景区大队","39.6","[{""y"":35.22","x:""00:00:00""","s:""1""}","{""x"":""00:00:00""","y:38.65","s:""2""}","{""y"":35.02","x:""00:02:00""","s:""1""}","{""x"":""00:02:00""","y:40.1","s:""2""}","{""y"":34.98","x:""00:04:00""","s:""1""}","{""x"":""00:04:00""","y:40.28","s:""2""}","{""y"":34.87","x:""00:06:00""","s:""1""}","{""x"":""00:0"
"128","2019/1/12 0:30","38.54","淳安大队","34.78","[{""y"":37.38","x:""00:00:00""","s:""1""}","{""x"":""00:00:00""","y:32.32","s:""2""}","{""y"":37.27","x:""00:02:00""","s:""1""}","{""x"":""00:02:00""","y:32.13","s:""2""}","{""y"":37.44","x:""00:04:00""","s:""1""}","{""x"":""00:04:00""","y:34.13","s:""2""}","{""y"":37.63","x:""00:06:00""","s:""1""}","{""x"":""00:"
"129","2019/1/12 0:30","31.94","西湖大队","33.01","[{""y"":31.45","x:""00:00:00""","s:""1""}","{""x"":""00:00:00""","y:31.86","s:""2""}","{""y"":31.39","x:""00:02:00""","s:""1""}","{""x"":""00:02:00""","y:32.19","s:""2""}","{""y"":31.56","x:""00:04:00""","s:""1""}","{""x"":""00:04:00""","y:32.32","s:""2""}","{""y"":31.56","x:""00:06:00""","s:""1""}","{""x"":""00:"
"13","2019/1/12 0:06","41.75","富阳大队","37.93","[{""y"":41.59","x:""00:00:00""","s:""1""}","{""x"":""00:00:00""","y:34.53","s:""2""}","{""y"":41.31","x:""00:02:00""","s:""1""}","{""x"":""00:02:00""","y:40.01","s:""2""}","{""y"":41.55","x:""00:04:00""","s:""1""}","{""x"":""00:04:00""","y:32.89","s:""2""}","{""y"":41.75","x:""00:06:00""","s:""1""}","{""x"":""00:"
"130","2019/1/12 0:32","39.68","临安大队","45.71","[{""y"":43.53","x:""00:00:00""","s:""1""}","{""x"":""00:00:00""","y:37.98","s:""2""}","{""y"":42.09","x:""00:02:00""","s:""1""}","{""x"":""00:02:00""","y:43.36","s:""2""}","{""y"":41.85","x:""00:04:00""","s:""1""}","{""x"":""00:04:00""","y:42.97","s:""2""}","{""y"":41.02","x:""00:06:00""","s:""1""}","{""x"":""00:"
"131","2019/1/12 0:36","35.95","景区大队","39.33","[{""y"":35.22","x:""00:00:00""","s:""1""}","{""x"":""00:00:00""","y:38.65","s:""2""}","{""y"":35.02","x:""00:02:00""","s:""1""}","{""x"":""00:02:00""","y:40.1","s:""2""}","{""y"":34.98","x:""00:04:00""","s:""1""}","{""x"":""00:04:00""","y:40.28","s:""2""}","{""y"":34.87","x:""00:06:00""","s:""1""}","{""x"":""00:0"
"132","2019/1/12 0:36","32.15","西湖大队","32.42","[{""y"":31.45","x:""00:00:00""","s:""1""}","{""x"":""00:00:00""","y:31.86","s:""2""}","{""y"":31.39","x:""00:02:00""","s:""1""}","{""x"":""00:02:00""","y:32.19","s:""2""}","{""y"":31.56","x:""00:04:00""","s:""1""}","{""x"":""00:04:00""","y:32.32","s:""2""}","{""y"":31.56","x:""00:06:00""","s:""1""}","{""x"":""00:"
"133","2019/1/12 0:38","31.01","主城区","31.58","[{""y"":30.45","x:""00:00:00""","s:""1""}","{""x"":""00:00:00""","y:30.92","s:""2""}","{""y"":30.44","x:""00:02:00""","s:""1""}","{""x"":""00:02:00""","y:31.2","s:""2""}","{""y"":30.48","x:""00:04:00""","s:""1""}","{""x"":""00:04:00""","y:31.06","s:""2""}","{""y"":30.49","x:""00:06:00""","s:""1""}","{""x"":""00:0"
"134","2019/1/12 0:40","36.57","桐庐大队","33","[{""y"":34.81","x:""00:00:00""","s:""1""}","{""x"":""00:00:00""","y:36.67","s:""2""}","{""y"":35.94","x:""00:02:00""","s:""1""}","{""x"":""00:02:00""","y:37.66","s:""2""}","{""y"":35.75","x:""00:04:00""","s:""1""}","{""x"":""00:04:00""","y:36.04","s:""2""}","{""y"":36.98","x:""00:06:00""","s:""1""}","{""x"":""00:"
"135","2019/1/12 0:42","36","余杭大队","35.82","[{""y"":36.37","x:""00:00:00""","s:""1""}","{""x"":""00:00:00""","y:35.51","s:""2""}","{""y"":36.47","x:""00:02:00""","s:""1""}","{""x"":""00:02:00""","y:35.92","s:""2""}","{""y"":36.48","x:""00:04:00""","s:""1""}","{""x"":""00:04:00""","y:36.02","s:""2""}","{""y"":36.23","x:""00:06:00""","s:""1""}","{""x"":""00:"
"136","2019/1/12 0:42","38.89","淳安大队","34.23","[{""y"":37.38","x:""00:00:00""","s:""1""}","{""x"":""00:00:00""","y:32.32","s:""2""}","{""y"":37.27","x:""00:02:00""","s:""1""}","{""x"":""00:02:00""","y:32.13","s:""2""}","{""y"":37.44","x:""00:04:00""","s:""1""}","{""x"":""00:04:00""","y:34.13","s:""2""}","{""y"":37.63","x:""00:06:00""","s:""1""}","{""x"":""00:"
"137","2019/1/12 0:44","29.04","上城大队","29.71","[{""y"":28.65","x:""00:00:00""","s:""1""}","{""x"":""00:00:00""","y:28.86","s:""2""}","{""y"":28.44","x:""00:02:00""","s:""1""}","{""x"":""00:02:00""","y:29.54","s:""2""}","{""y"":28.39","x:""00:04:00""","s:""1""}","{""x"":""00:04:00""","y:28.92","s:""2""}","{""y"":28.41","x:""00:06:00""","s:""1""}","{""x"":""00:"
"138","2019/1/12 0:44","31.59","江干大队","32.41","[{""y"":31.05","x:""00:00:00""","s:""1""}","{""x"":""00:00:00""","y:31.64","s:""2""}","{""y"":31.09","x:""00:02:00""","s:""1""}","{""x"":""00:02:00""","y:31.66","s:""2""}","{""y"":31.07","x:""00:04:00""","s:""1""}","{""x"":""00:04:00""","y:31.5","s:""2""}","{""y"":31.13","x:""00:06:00""","s:""1""}","{""x"":""00:0"
"139","2019/1/12 0:44","32.18","西湖大队","33.11","[{""y"":31.45","x:""00:00:00""","s:""1""}","{""x"":""00:00:00""","y:31.86","s:""2""}","{""y"":31.39","x:""00:02:00""","s:""1""}","{""x"":""00:02:00""","y:32.19","s:""2""}","{""y"":31.56","x:""00:04:00""","s:""1""}","{""x"":""00:04:00""","y:32.32","s:""2""}","{""y"":31.56","x:""00:06:00""","s:""1""}","{""x"":""00:"
"14","2019/1/12 0:06","36.09","建德大队","35.44","[{""y"":36.11","x:""00:00:00""","s:""1""}","{""x"":""00:00:00""","y:35.36","s:""2""}","{""y"":36.25","x:""00:02:00""","s:""1""}","{""x"":""00:02:00""","y:36.38","s:""2""}","{""y"":36.37","x:""00:04:00""","s:""1""}","{""x"":""00:04:00""","y:35.85","s:""2""}","{""y"":36.09","x:""00:06:00""","s:""1""}","{""x"":""00:"
"140","2019/1/12 0:46","31.09","主城区","31.61","[{""y"":30.45","x:""00:00:00""","s:""1""}","{""x"":""00:00:00""","y:30.92","s:""2""}","{""y"":30.44","x:""00:02:00""","s:""1""}","{""x"":""00:02:00""","y:31.2","s:""2""}","{""y"":30.48","x:""00:04:00""","s:""1""}","{""x"":""00:04:00""","y:31.06","s:""2""}","{""y"":30.49","x:""00:06:00""","s:""1""}","{""x"":""00:0"
"141","2019/1/12 0:48","44.29","富阳大队","41.43","[{""y"":41.59","x:""00:00:00""","s:""1""}","{""x"":""00:00:00""","y:34.53","s:""2""}","{""y"":41.31","x:""00:02:00""","s:""1""}","{""x"":""00:02:00""","y:40.01","s:""2""}","{""y"":41.55","x:""00:04:00""","s:""1""}","{""x"":""00:04:00""","y:32.89","s:""2""}","{""y"":41.75","x:""00:06:00""","s:""1""}","{""x"":""00:"
"142","2019/1/12 0:50","28.94","下城大队","29.38","[{""y"":27.94","x:""00:00:00""","s:""1""}","{""x"":""00:00:00""","y:28.69","s:""2""}","{""y"":28.01","x:""00:02:00""","s:""1""}","{""x"":""00:02:00""","y:28.63","s:""2""}","{""y"":28","x:""00:04:00""","s:""1""}","{""x"":""00:04:00""","y:28.66","s:""2""}","{""y"":28.04","x:""00:06:00""","s:""1""}","{""x"":""00:06:"
"143","2019/1/12 0:50","32.22","西湖大队","32.29","[{""y"":31.45","x:""00:00:00""","s:""1""}","{""x"":""00:00:00""","y:31.86","s:""2""}","{""y"":31.39","x:""00:02:00""","s:""1""}","{""x"":""00:02:00""","y:32.19","s:""2""}","{""y"":31.56","x:""00:04:00""","s:""1""}","{""x"":""00:04:00""","y:32.32","s:""2""}","{""y"":31.56","x:""00:06:00""","s:""1""}","{""x"":""00:"
"144","2019/1/12 0:52","29.69","拱墅大队","29.02","[{""y"":29","x:""00:00:00""","s:""1""}","{""x"":""00:00:00""","y:28.99","s:""2""}","{""y"":29.07","x:""00:02:00""","s:""1""}","{""x"":""00:02:00""","y:29.35","s:""2""}","{""y"":29.12","x:""00:04:00""","s:""1""}","{""x"":""00:04:00""","y:29.07","s:""2""}","{""y"":29.09","x:""00:06:00""","s:""1""}","{""x"":""00:06:"
"145","2019/1/12 0:54","29.02","上城大队","29.25","[{""y"":28.65","x:""00:00:00""","s:""1""}","{""x"":""00:00:00""","y:28.86","s:""2""}","{""y"":28.44","x:""00:02:00""","s:""1""}","{""x"":""00:02:00""","y:29.54","s:""2""}","{""y"":28.39","x:""00:04:00""","s:""1""}","{""x"":""00:04:00""","y:28.92","s:""2""}","{""y"":28.41","x:""00:06:00""","s:""1""}","{""x"":""00:"
"146","2019/1/12 0:54","28.99","下城大队","29.3","[{""y"":27.94","x:""00:00:00""","s:""1""}","{""x"":""00:00:00""","y:28.69","s:""2""}","{""y"":28.01","x:""00:02:00""","s:""1""}","{""x"":""00:02:00""","y:28.63","s:""2""}","{""y"":28","x:""00:04:00""","s:""1""}","{""x"":""00:04:00""","y:28.66","s:""2""}","{""y"":28.04","x:""00:06:00""","s:""1""}","{""x"":""00:06:"
"147","2019/1/12 0:54","47.78","大江东大队","42.13","[{""y"":47.21","x:""00:00:00""","s:""1""}","{""x"":""00:00:00""","y:46.46","s:""2""}","{""y"":47.5","x:""00:02:00""","s:""1""}","{""x"":""00:02:00""","y:47.48","s:""2""}","{""y"":47.01","x:""00:04:00""","s:""1""}","{""x"":""00:04:00""","y:47.41","s:""2""}","{""y"":46.76","x:""00:06:00""","s:""1""}","{""x"":""00:0"
"148","2019/1/12 0:56","29.06","上城大队","29.25","[{""y"":28.65","x:""00:00:00""","s:""1""}","{""x"":""00:00:00""","y:28.86","s:""2""}","{""y"":28.44","x:""00:02:00""","s:""1""}","{""x"":""00:02:00""","y:29.54","s:""2""}","{""y"":28.39","x:""00:04:00""","s:""1""}","{""x"":""00:04:00""","y:28.92","s:""2""}","{""y"":28.41","x:""00:06:00""","s:""1""}","{""x"":""00:"
"149","2019/1/12 0:56","29.05","下城大队","29.47","[{""y"":27.94","x:""00:00:00""","s:""1""}","{""x"":""00:00:00""","y:28.69","s:""2""}","{""y"":28.01","x:""00:02:00""","s:""1""}","{""x"":""00:02:00""","y:28.63","s:""2""}","{""y"":28","x:""00:04:00""","s:""1""}","{""x"":""00:04:00""","y:28.66","s:""2""}","{""y"":28.04","x:""00:06:00""","s:""1""}","{""x"":""00:06:"
"15","2019/1/12 0:06","29.09","拱墅大队","29","[{""y"":29","x:""00:00:00""","s:""1""}","{""x"":""00:00:00""","y:28.99","s:""2""}","{""y"":29.07","x:""00:02:00""","s:""1""}","{""x"":""00:02:00""","y:29.35","s:""2""}","{""y"":29.12","x:""00:04:00""","s:""1""}","{""x"":""00:04:00""","y:29.07","s:""2""}","{""y"":29.09","x:""00:06:00""","s:""1""}","{""x"":""00:06:"
"150","2019/1/12 0:56","31.17","主城区","31.18","[{""y"":30.45","x:""00:00:00""","s:""1""}","{""x"":""00:00:00""","y:30.92","s:""2""}","{""y"":30.44","x:""00:02:00""","s:""1""}","{""x"":""00:02:00""","y:31.2","s:""2""}","{""y"":30.48","x:""00:04:00""","s:""1""}","{""x"":""00:04:00""","y:31.06","s:""2""}","{""y"":30.49","x:""00:06:00""","s:""1""}","{""x"":""00:0"
"151","2019/1/12 0:56","47.73","大江东大队","42.32","[{""y"":47.21","x:""00:00:00""","s:""1""}","{""x"":""00:00:00""","y:46.46","s:""2""}","{""y"":47.5","x:""00:02:00""","s:""1""}","{""x"":""00:02:00""","y:47.48","s:""2""}","{""y"":47.01","x:""00:04:00""","s:""1""}","{""x"":""00:04:00""","y:47.41","s:""2""}","{""y"":46.76","x:""00:06:00""","s:""1""}","{""x"":""00:0"
"152","2019/1/12 0:56","44.13","富阳大队","47.11","[{""y"":41.59","x:""00:00:00""","s:""1""}","{""x"":""00:00:00""","y:34.53","s:""2""}","{""y"":41.31","x:""00:02:00""","s:""1""}","{""x"":""00:02:00""","y:40.01","s:""2""}","{""y"":41.55","x:""00:04:00""","s:""1""}","{""x"":""00:04:00""","y:32.89","s:""2""}","{""y"":41.75","x:""00:06:00""","s:""1""}","{""x"":""00:"
"153","2019/1/12 1:02","45.63","富阳大队","46.91","[{""y"":41.59","x:""00:00:00""","s:""1""}","{""x"":""00:00:00""","y:34.53","s:""2""}","{""y"":41.31","x:""00:02:00""","s:""1""}","{""x"":""00:02:00""","y:40.01","s:""2""}","{""y"":41.55","x:""00:04:00""","s:""1""}","{""x"":""00:04:00""","y:32.89","s:""2""}","{""y"":41.75","x:""00:06:00""","s:""1""}","{""x"":""00:"
"154","2019/1/12 1:02","37.6","建德大队","36.09","[{""y"":36.11","x:""00:00:00""","s:""1""}","{""x"":""00:00:00""","y:35.36","s:""2""}","{""y"":36.25","x:""00:02:00""","s:""1""}","{""x"":""00:02:00""","y:36.38","s:""2""}","{""y"":36.37","x:""00:04:00""","s:""1""}","{""x"":""00:04:00""","y:35.85","s:""2""}","{""y"":36.09","x:""00:06:00""","s:""1""}","{""x"":""00:"
"155","2019/1/12 1:02","35.44","景区大队","38.79","[{""y"":35.22","x:""00:00:00""","s:""1""}","{""x"":""00:00:00""","y:38.65","s:""2""}","{""y"":35.02","x:""00:02:00""","s:""1""}","{""x"":""00:02:00""","y:40.1","s:""2""}","{""y"":34.98","x:""00:04:00""","s:""1""}","{""x"":""00:04:00""","y:40.28","s:""2""}","{""y"":34.87","x:""00:06:00""","s:""1""}","{""x"":""00:0"
"156","2019/1/12 1:02","31.88","江干大队","31.75","[{""y"":31.05","x:""00:00:00""","s:""1""}","{""x"":""00:00:00""","y:31.64","s:""2""}","{""y"":31.09","x:""00:02:00""","s:""1""}","{""x"":""00:02:00""","y:31.66","s:""2""}","{""y"":31.07","x:""00:04:00""","s:""1""}","{""x"":""00:04:00""","y:31.5","s:""2""}","{""y"":31.13","x:""00:06:00""","s:""1""}","{""x"":""00:0"
"157","2019/1/12 1:06","29.13","上城大队","30.06","[{""y"":28.65","x:""00:00:00""","s:""1""}","{""x"":""00:00:00""","y:28.86","s:""2""}","{""y"":28.44","x:""00:02:00""","s:""1""}","{""x"":""00:02:00""","y:29.54","s:""2""}","{""y"":28.39","x:""00:04:00""","s:""1""}","{""x"":""00:04:00""","y:28.92","s:""2""}","{""y"":28.41","x:""00:06:00""","s:""1""}","{""x"":""00:"
"158","2019/1/12 1:06","28.97","下城大队","30.14","[{""y"":27.94","x:""00:00:00""","s:""1""}","{""x"":""00:00:00""","y:28.69","s:""2""}","{""y"":28.01","x:""00:02:00""","s:""1""}","{""x"":""00:02:00""","y:28.63","s:""2""}","{""y"":28","x:""00:04:00""","s:""1""}","{""x"":""00:04:00""","y:28.66","s:""2""}","{""y"":28.04","x:""00:06:00""","s:""1""}","{""x"":""00:06:"
"159","2019/1/12 1:06","32.92","下沙大队","32.17","[{""y"":31.78","x:""00:00:00""","s:""1""}","{""x"":""00:00:00""","y:33.02","s:""2""}","{""y"":31.73","x:""00:02:00""","s:""1""}","{""x"":""00:02:00""","y:33.25","s:""2""}","{""y"":31.94","x:""00:04:00""","s:""1""}","{""x"":""00:04:00""","y:32.58","s:""2""}","{""y"":32.02","x:""00:06:00""","s:""1""}","{""x"":""00:"
"16","2019/1/12 0:06","34.87","景区大队","40.8","[{""y"":35.22","x:""00:00:00""","s:""1""}","{""x"":""00:00:00""","y:38.65","s:""2""}","{""y"":35.02","x:""00:02:00""","s:""1""}","{""x"":""00:02:00""","y:40.1","s:""2""}","{""y"":34.98","x:""00:04:00""","s:""1""}","{""x"":""00:04:00""","y:40.28","s:""2""}","{""y"":34.87","x:""00:06:00""","s:""1""}","{""x"":""00:0"
"160","2019/1/12 1:06","44.11","富阳大队","44.84","[{""y"":41.59","x:""00:00:00""","s:""1""}","{""x"":""00:00:00""","y:34.53","s:""2""}","{""y"":41.31","x:""00:02:00""","s:""1""}","{""x"":""00:02:00""","y:40.01","s:""2""}","{""y"":41.55","x:""00:04:00""","s:""1""}","{""x"":""00:04:00""","y:32.89","s:""2""}","{""y"":41.75","x:""00:06:00""","s:""1""}","{""x"":""00:"
"161","2019/1/12 1:06","35.83","景区大队","39.23","[{""y"":35.22","x:""00:00:00""","s:""1""}","{""x"":""00:00:00""","y:38.65","s:""2""}","{""y"":35.02","x:""00:02:00""","s:""1""}","{""x"":""00:02:00""","y:40.1","s:""2""}","{""y"":34.98","x:""00:04:00""","s:""1""}","{""x"":""00:04:00""","y:40.28","s:""2""}","{""y"":34.87","x:""00:06:00""","s:""1""}","{""x"":""00:0"
"162","2019/1/12 1:08","31.28","主城区","31.26","[{""y"":30.45","x:""00:00:00""","s:""1""}","{""x"":""00:00:00""","y:30.92","s:""2""}","{""y"":30.44","x:""00:02:00""","s:""1""}","{""x"":""00:02:00""","y:31.2","s:""2""}","{""y"":30.48","x:""00:04:00""","s:""1""}","{""x"":""00:04:00""","y:31.06","s:""2""}","{""y"":30.49","x:""00:06:00""","s:""1""}","{""x"":""00:0"
"163","2019/1/12 1:08","48.18","大江东大队","43.73","[{""y"":47.21","x:""00:00:00""","s:""1""}","{""x"":""00:00:00""","y:46.46","s:""2""}","{""y"":47.5","x:""00:02:00""","s:""1""}","{""x"":""00:02:00""","y:47.48","s:""2""}","{""y"":47.01","x:""00:04:00""","s:""1""}","{""x"":""00:04:00""","y:47.41","s:""2""}","{""y"":46.76","x:""00:06:00""","s:""1""}","{""x"":""00:0"
"164","2019/1/12 1:08","36.18","景区大队","40.14","[{""y"":35.22","x:""00:00:00""","s:""1""}","{""x"":""00:00:00""","y:38.65","s:""2""}","{""y"":35.02","x:""00:02:00""","s:""1""}","{""x"":""00:02:00""","y:40.1","s:""2""}","{""y"":34.98","x:""00:04:00""","s:""1""}","{""x"":""00:04:00""","y:40.28","s:""2""}","{""y"":34.87","x:""00:06:00""","s:""1""}","{""x"":""00:0"
"165","2019/1/12 1:10","32.66","下沙大队","32.4","[{""y"":31.78","x:""00:00:00""","s:""1""}","{""x"":""00:00:00""","y:33.02","s:""2""}","{""y"":31.73","x:""00:02:00""","s:""1""}","{""x"":""00:02:00""","y:33.25","s:""2""}","{""y"":31.94","x:""00:04:00""","s:""1""}","{""x"":""00:04:00""","y:32.58","s:""2""}","{""y"":32.02","x:""00:06:00""","s:""1""}","{""x"":""00:"
"166","2019/1/12 1:10","36.37","余杭大队","36.96","[{""y"":36.37","x:""00:00:00""","s:""1""}","{""x"":""00:00:00""","y:35.51","s:""2""}","{""y"":36.47","x:""00:02:00""","s:""1""}","{""x"":""00:02:00""","y:35.92","s:""2""}","{""y"":36.48","x:""00:04:00""","s:""1""}","{""x"":""00:04:00""","y:36.02","s:""2""}","{""y"":36.23","x:""00:06:00""","s:""1""}","{""x"":""00:"
"167","2019/1/12 1:12","29.04","下城大队","29.86","[{""y"":27.94","x:""00:00:00""","s:""1""}","{""x"":""00:00:00""","y:28.69","s:""2""}","{""y"":28.01","x:""00:02:00""","s:""1""}","{""x"":""00:02:00""","y:28.63","s:""2""}","{""y"":28","x:""00:04:00""","s:""1""}","{""x"":""00:04:00""","y:28.66","s:""2""}","{""y"":28.04","x:""00:06:00""","s:""1""}","{""x"":""00:06:"
"168","2019/1/12 1:12","31.31","主城区","31.24","[{""y"":30.45","x:""00:00:00""","s:""1""}","{""x"":""00:00:00""","y:30.92","s:""2""}","{""y"":30.44","x:""00:02:00""","s:""1""}","{""x"":""00:02:00""","y:31.2","s:""2""}","{""y"":30.48","x:""00:04:00""","s:""1""}","{""x"":""00:04:00""","y:31.06","s:""2""}","{""y"":30.49","x:""00:06:00""","s:""1""}","{""x"":""00:0"
"169","2019/1/12 1:12","45.51","富阳大队","44.29","[{""y"":41.59","x:""00:00:00""","s:""1""}","{""x"":""00:00:00""","y:34.53","s:""2""}","{""y"":41.31","x:""00:02:00""","s:""1""}","{""x"":""00:02:00""","y:40.01","s:""2""}","{""y"":41.55","x:""00:04:00""","s:""1""}","{""x"":""00:04:00""","y:32.89","s:""2""}","{""y"":41.75","x:""00:06:00""","s:""1""}","{""x"":""00:"
"17","2019/1/12 0:06","36.98","桐庐大队","33.4","[{""y"":34.81","x:""00:00:00""","s:""1""}","{""x"":""00:00:00""","y:36.67","s:""2""}","{""y"":35.94","x:""00:02:00""","s:""1""}","{""x"":""00:02:00""","y:37.66","s:""2""}","{""y"":35.75","x:""00:04:00""","s:""1""}","{""x"":""00:04:00""","y:36.04","s:""2""}","{""y"":36.98","x:""00:06:00""","s:""1""}","{""x"":""00:"
"170","2019/1/12 1:12","37.92","建德大队","35.66","[{""y"":36.11","x:""00:00:00""","s:""1""}","{""x"":""00:00:00""","y:35.36","s:""2""}","{""y"":36.25","x:""00:02:00""","s:""1""}","{""x"":""00:02:00""","y:36.38","s:""2""}","{""y"":36.37","x:""00:04:00""","s:""1""}","{""x"":""00:04:00""","y:35.85","s:""2""}","{""y"":36.09","x:""00:06:00""","s:""1""}","{""x"":""00:"
"171","2019/1/12 1:12","36.34","景区大队","38.33","[{""y"":35.22","x:""00:00:00""","s:""1""}","{""x"":""00:00:00""","y:38.65","s:""2""}","{""y"":35.02","x:""00:02:00""","s:""1""}","{""x"":""00:02:00""","y:40.1","s:""2""}","{""y"":34.98","x:""00:04:00""","s:""1""}","{""x"":""00:04:00""","y:40.28","s:""2""}","{""y"":34.87","x:""00:06:00""","s:""1""}","{""x"":""00:0"
"172","2019/1/12 1:14","29.14","下城大队","29.1","[{""y"":27.94","x:""00:00:00""","s:""1""}","{""x"":""00:00:00""","y:28.69","s:""2""}","{""y"":28.01","x:""00:02:00""","s:""1""}","{""x"":""00:02:00""","y:28.63","s:""2""}","{""y"":28","x:""00:04:00""","s:""1""}","{""x"":""00:04:00""","y:28.66","s:""2""}","{""y"":28.04","x:""00:06:00""","s:""1""}","{""x"":""00:06:"
"173","2019/1/12 1:14","31.34","主城区","31.18","[{""y"":30.45","x:""00:00:00""","s:""1""}","{""x"":""00:00:00""","y:30.92","s:""2""}","{""y"":30.44","x:""00:02:00""","s:""1""}","{""x"":""00:02:00""","y:31.2","s:""2""}","{""y"":30.48","x:""00:04:00""","s:""1""}","{""x"":""00:04:00""","y:31.06","s:""2""}","{""y"":30.49","x:""00:06:00""","s:""1""}","{""x"":""00:0"
"174","2019/1/12 1:14","36.45","景区大队","38.08","[{""y"":35.22","x:""00:00:00""","s:""1""}","{""x"":""00:00:00""","y:38.65","s:""2""}","{""y"":35.02","x:""00:02:00""","s:""1""}","{""x"":""00:02:00""","y:40.1","s:""2""}","{""y"":34.98","x:""00:04:00""","s:""1""}","{""x"":""00:04:00""","y:40.28","s:""2""}","{""y"":34.87","x:""00:06:00""","s:""1""}","{""x"":""00:0"
"175","2019/1/12 1:18","36.41","余杭大队","35.88","[{""y"":36.37","x:""00:00:00""","s:""1""}","{""x"":""00:00:00""","y:35.51","s:""2""}","{""y"":36.47","x:""00:02:00""","s:""1""}","{""x"":""00:02:00""","y:35.92","s:""2""}","{""y"":36.48","x:""00:04:00""","s:""1""}","{""x"":""00:04:00""","y:36.02","s:""2""}","{""y"":36.23","x:""00:06:00""","s:""1""}","{""x"":""00:"
"176","2019/1/12 1:18","34.8","滨江大队","33.94","[{""y"":33.38","x:""00:00:00""","s:""1""}","{""x"":""00:00:00""","y:33.22","s:""2""}","{""y"":33.38","x:""00:02:00""","s:""1""}","{""x"":""00:02:00""","y:33.44","s:""2""}","{""y"":33.42","x:""00:04:00""","s:""1""}","{""x"":""00:04:00""","y:33.42","s:""2""}","{""y"":33.33","x:""00:06:00""","s:""1""}","{""x"":""00:"
"177","2019/1/12 1:20","36.6","余杭大队","36.42","[{""y"":36.37","x:""00:00:00""","s:""1""}","{""x"":""00:00:00""","y:35.51","s:""2""}","{""y"":36.47","x:""00:02:00""","s:""1""}","{""x"":""00:02:00""","y:35.92","s:""2""}","{""y"":36.48","x:""00:04:00""","s:""1""}","{""x"":""00:04:00""","y:36.02","s:""2""}","{""y"":36.23","x:""00:06:00""","s:""1""}","{""x"":""00:"
"178","2019/1/12 1:20","34.8","滨江大队","34.14","[{""y"":33.38","x:""00:00:00""","s:""1""}","{""x"":""00:00:00""","y:33.22","s:""2""}","{""y"":33.38","x:""00:02:00""","s:""1""}","{""x"":""00:02:00""","y:33.44","s:""2""}","{""y"":33.42","x:""00:04:00""","s:""1""}","{""x"":""00:04:00""","y:33.42","s:""2""}","{""y"":33.33","x:""00:06:00""","s:""1""}","{""x"":""00:"
"179","2019/1/12 1:22","29.36","上城大队","29.39","[{""y"":28.65","x:""00:00:00""","s:""1""}","{""x"":""00:00:00""","y:28.86","s:""2""}","{""y"":28.44","x:""00:02:00""","s:""1""}","{""x"":""00:02:00""","y:29.54","s:""2""}","{""y"":28.39","x:""00:04:00""","s:""1""}","{""x"":""00:04:00""","y:28.92","s:""2""}","{""y"":28.41","x:""00:06:00""","s:""1""}","{""x"":""00:"
"18","2019/1/12 0:06","31.13","江干大队","31.07","[{""y"":31.05","x:""00:00:00""","s:""1""}","{""x"":""00:00:00""","y:31.64","s:""2""}","{""y"":31.09","x:""00:02:00""","s:""1""}","{""x"":""00:02:00""","y:31.66","s:""2""}","{""y"":31.07","x:""00:04:00""","s:""1""}","{""x"":""00:04:00""","y:31.5","s:""2""}","{""y"":31.13","x:""00:06:00""","s:""1""}","{""x"":""00:0"
"180","2019/1/12 1:22","32.7","西湖大队","32.73","[{""y"":31.45","x:""00:00:00""","s:""1""}","{""x"":""00:00:00""","y:31.86","s:""2""}","{""y"":31.39","x:""00:02:00""","s:""1""}","{""x"":""00:02:00""","y:32.19","s:""2""}","{""y"":31.56","x:""00:04:00""","s:""1""}","{""x"":""00:04:00""","y:32.32","s:""2""}","{""y"":31.56","x:""00:06:00""","s:""1""}","{""x"":""00:"
"181","2019/1/12 1:24","29.45","上城大队","29.55","[{""y"":28.65","x:""00:00:00""","s:""1""}","{""x"":""00:00:00""","y:28.86","s:""2""}","{""y"":28.44","x:""00:02:00""","s:""1""}","{""x"":""00:02:00""","y:29.54","s:""2""}","{""y"":28.39","x:""00:04:00""","s:""1""}","{""x"":""00:04:00""","y:28.92","s:""2""}","{""y"":28.41","x:""00:06:00""","s:""1""}","{""x"":""00:"
"182","2019/1/12 1:24","36.75","景区大队","38.53","[{""y"":35.22","x:""00:00:00""","s:""1""}","{""x"":""00:00:00""","y:38.65","s:""2""}","{""y"":35.02","x:""00:02:00""","s:""1""}","{""x"":""00:02:00""","y:40.1","s:""2""}","{""y"":34.98","x:""00:04:00""","s:""1""}","{""x"":""00:04:00""","y:40.28","s:""2""}","{""y"":34.87","x:""00:06:00""","s:""1""}","{""x"":""00:0"
"183","2019/1/12 1:24","34.95","滨江大队","33.86","[{""y"":33.38","x:""00:00:00""","s:""1""}","{""x"":""00:00:00""","y:33.22","s:""2""}","{""y"":33.38","x:""00:02:00""","s:""1""}","{""x"":""00:02:00""","y:33.44","s:""2""}","{""y"":33.42","x:""00:04:00""","s:""1""}","{""x"":""00:04:00""","y:33.42","s:""2""}","{""y"":33.33","x:""00:06:00""","s:""1""}","{""x"":""00:"
"184","2019/1/12 1:24","32.78","西湖大队","33.02","[{""y"":31.45","x:""00:00:00""","s:""1""}","{""x"":""00:00:00""","y:31.86","s:""2""}","{""y"":31.39","x:""00:02:00""","s:""1""}","{""x"":""00:02:00""","y:32.19","s:""2""}","{""y"":31.56","x:""00:04:00""","s:""1""}","{""x"":""00:04:00""","y:32.32","s:""2""}","{""y"":31.56","x:""00:06:00""","s:""1""}","{""x"":""00:"
"185","2019/1/12 1:26","29.45","上城大队","28.81","[{""y"":28.65","x:""00:00:00""","s:""1""}","{""x"":""00:00:00""","y:28.86","s:""2""}","{""y"":28.44","x:""00:02:00""","s:""1""}","{""x"":""00:02:00""","y:29.54","s:""2""}","{""y"":28.39","x:""00:04:00""","s:""1""}","{""x"":""00:04:00""","y:28.92","s:""2""}","{""y"":28.41","x:""00:06:00""","s:""1""}","{""x"":""00:"
"186","2019/1/12 1:26","29.27","下城大队","30.44","[{""y"":27.94","x:""00:00:00""","s:""1""}","{""x"":""00:00:00""","y:28.69","s:""2""}","{""y"":28.01","x:""00:02:00""","s:""1""}","{""x"":""00:02:00""","y:28.63","s:""2""}","{""y"":28","x:""00:04:00""","s:""1""}","{""x"":""00:04:00""","y:28.66","s:""2""}","{""y"":28.04","x:""00:06:00""","s:""1""}","{""x"":""00:06:"
"187","2019/1/12 1:26","36.53","余杭大队","36.42","[{""y"":36.37","x:""00:00:00""","s:""1""}","{""x"":""00:00:00""","y:35.51","s:""2""}","{""y"":36.47","x:""00:02:00""","s:""1""}","{""x"":""00:02:00""","y:35.92","s:""2""}","{""y"":36.48","x:""00:04:00""","s:""1""}","{""x"":""00:04:00""","y:36.02","s:""2""}","{""y"":36.23","x:""00:06:00""","s:""1""}","{""x"":""00:"
"188","2019/1/12 1:26","32.06","江干大队","32.73","[{""y"":31.05","x:""00:00:00""","s:""1""}","{""x"":""00:00:00""","y:31.64","s:""2""}","{""y"":31.09","x:""00:02:00""","s:""1""}","{""x"":""00:02:00""","y:31.66","s:""2""}","{""y"":31.07","x:""00:04:00""","s:""1""}","{""x"":""00:04:00""","y:31.5","s:""2""}","{""y"":31.13","x:""00:06:00""","s:""1""}","{""x"":""00:0"
"189","2019/1/12 1:26","34.93","滨江大队","33.82","[{""y"":33.38","x:""00:00:00""","s:""1""}","{""x"":""00:00:00""","y:33.22","s:""2""}","{""y"":33.38","x:""00:02:00""","s:""1""}","{""x"":""00:02:00""","y:33.44","s:""2""}","{""y"":33.42","x:""00:04:00""","s:""1""}","{""x"":""00:04:00""","y:33.42","s:""2""}","{""y"":33.33","x:""00:06:00""","s:""1""}","{""x"":""00:"
"19","2019/1/12 0:06","37.63","淳安大队","32.43","[{""y"":37.38","x:""00:00:00""","s:""1""}","{""x"":""00:00:00""","y:32.32","s:""2""}","{""y"":37.27","x:""00:02:00""","s:""1""}","{""x"":""00:02:00""","y:32.13","s:""2""}","{""y"":37.44","x:""00:04:00""","s:""1""}","{""x"":""00:04:00""","y:34.13","s:""2""}","{""y"":37.63","x:""00:06:00""","s:""1""}","{""x"":""00:"
"190","2019/1/12 1:26","42.07","萧山大队","39","[{""y"":39.77","x:""00:00:00""","s:""1""}","{""x"":""00:00:00""","y:39.01","s:""2""}","{""y"":39.34","x:""00:02:00""","s:""1""}","{""x"":""00:02:00""","y:38.8","s:""2""}","{""y"":39.57","x:""00:04:00""","s:""1""}","{""x"":""00:04:00""","y:38.82","s:""2""}","{""y"":39.87","x:""00:06:00""","s:""1""}","{""x"":""00:0"
"191","2019/1/12 1:26","32.78","西湖大队","33.34","[{""y"":31.45","x:""00:00:00""","s:""1""}","{""x"":""00:00:00""","y:31.86","s:""2""}","{""y"":31.39","x:""00:02:00""","s:""1""}","{""x"":""00:02:00""","y:32.19","s:""2""}","{""y"":31.56","x:""00:04:00""","s:""1""}","{""x"":""00:04:00""","y:32.32","s:""2""}","{""y"":31.56","x:""00:06:00""","s:""1""}","{""x"":""00:"
"192","2019/1/12 1:28","35.21","滨江大队","34","[{""y"":33.38","x:""00:00:00""","s:""1""}","{""x"":""00:00:00""","y:33.22","s:""2""}","{""y"":33.38","x:""00:02:00""","s:""1""}","{""x"":""00:02:00""","y:33.44","s:""2""}","{""y"":33.42","x:""00:04:00""","s:""1""}","{""x"":""00:04:00""","y:33.42","s:""2""}","{""y"":33.33","x:""00:06:00""","s:""1""}","{""x"":""00:"
"193","2019/1/12 1:30","47.54","富阳大队","50.29","[{""y"":41.59","x:""00:00:00""","s:""1""}","{""x"":""00:00:00""","y:34.53","s:""2""}","{""y"":41.31","x:""00:02:00""","s:""1""}","{""x"":""00:02:00""","y:40.01","s:""2""}","{""y"":41.55","x:""00:04:00""","s:""1""}","{""x"":""00:04:00""","y:32.89","s:""2""}","{""y"":41.75","x:""00:06:00""","s:""1""}","{""x"":""00:"
"194","2019/1/12 1:30","37.18","建德大队","34.728","[{""y"":36.11","x:""00:00:00""","s:""1""}","{""x"":""00:00:00""","y:35.36","s:""2""}","{""y"":36.25","x:""00:02:00""","s:""1""}","{""x"":""00:02:00""","y:36.38","s:""2""}","{""y"":36.37","x:""00:04:00""","s:""1""}","{""x"":""00:04:00""","y:35.85","s:""2""}","{""y"":36.09","x:""00:06:00""","s:""1""}","{""x"":""00:"
"195","2019/1/12 1:30","30.19","拱墅大队","29.38","[{""y"":29","x:""00:00:00""","s:""1""}","{""x"":""00:00:00""","y:28.99","s:""2""}","{""y"":29.07","x:""00:02:00""","s:""1""}","{""x"":""00:02:00""","y:29.35","s:""2""}","{""y"":29.12","x:""00:04:00""","s:""1""}","{""x"":""00:04:00""","y:29.07","s:""2""}","{""y"":29.09","x:""00:06:00""","s:""1""}","{""x"":""00:06:"
"196","2019/1/12 1:30","36.62","景区大队","39.18","[{""y"":35.22","x:""00:00:00""","s:""1""}","{""x"":""00:00:00""","y:38.65","s:""2""}","{""y"":35.02","x:""00:02:00""","s:""1""}","{""x"":""00:02:00""","y:40.1","s:""2""}","{""y"":34.98","x:""00:04:00""","s:""1""}","{""x"":""00:04:00""","y:40.28","s:""2""}","{""y"":34.87","x:""00:06:00""","s:""1""}","{""x"":""00:0"
"197","2019/1/12 1:30","38.89","桐庐大队","36.93","[{""y"":34.81","x:""00:00:00""","s:""1""}","{""x"":""00:00:00""","y:36.67","s:""2""}","{""y"":35.94","x:""00:02:00""","s:""1""}","{""x"":""00:02:00""","y:37.66","s:""2""}","{""y"":35.75","x:""00:04:00""","s:""1""}","{""x"":""00:04:00""","y:36.04","s:""2""}","{""y"":36.98","x:""00:06:00""","s:""1""}","{""x"":""00:"
"198","2019/1/12 1:30","41.89","萧山大队","40.18","[{""y"":39.77","x:""00:00:00""","s:""1""}","{""x"":""00:00:00""","y:39.01","s:""2""}","{""y"":39.34","x:""00:02:00""","s:""1""}","{""x"":""00:02:00""","y:38.8","s:""2""}","{""y"":39.57","x:""00:04:00""","s:""1""}","{""x"":""00:04:00""","y:38.82","s:""2""}","{""y"":39.87","x:""00:06:00""","s:""1""}","{""x"":""00:0"
"199","2019/1/12 1:32","48.19","富阳大队","49.59","[{""y"":41.59","x:""00:00:00""","s:""1""}","{""x"":""00:00:00""","y:34.53","s:""2""}","{""y"":41.31","x:""00:02:00""","s:""1""}","{""x"":""00:02:00""","y:40.01","s:""2""}","{""y"":41.55","x:""00:04:00""","s:""1""}","{""x"":""00:04:00""","y:32.89","s:""2""}","{""y"":41.75","x:""00:06:00""","s:""1""}","{""x"":""00:"
"2","2019/1/12 0:04","28.39","上城大队","28.92","[{""y"":28.65","x:""00:00:00""","s:""1""}","{""x"":""00:00:00""","y:28.86","s:""2""}","{""y"":28.44","x:""00:02:00""","s:""1""}","{""x"":""00:02:00""","y:29.54","s:""2""}","{""y"":28.39","x:""00:04:00""","s:""1""}","{""x"":""00:04:00""","y:28.92","s:""2""}","{""y"":28.41","x:""00:06:00""","s:""1""}","{""y"":28.4"
"20","2019/1/12 0:06","33.33","滨江大队","33.27","[{""y"":33.38","x:""00:00:00""","s:""1""}","{""x"":""00:00:00""","y:33.22","s:""2""}","{""y"":33.38","x:""00:02:00""","s:""1""}","{""x"":""00:02:00""","y:33.44","s:""2""}","{""y"":33.42","x:""00:04:00""","s:""1""}","{""x"":""00:04:00""","y:33.42","s:""2""}","{""y"":33.33","x:""00:06:00""","s:""1""}","{""x"":""00:"
"200","2019/1/12 1:32","37.58","建德大队","35.101","[{""y"":36.11","x:""00:00:00""","s:""1""}","{""x"":""00:00:00""","y:35.36","s:""2""}","{""y"":36.25","x:""00:02:00""","s:""1""}","{""x"":""00:02:00""","y:36.38","s:""2""}","{""y"":36.37","x:""00:04:00""","s:""1""}","{""x"":""00:04:00""","y:35.85","s:""2""}","{""y"":36.09","x:""00:06:00""","s:""1""}","{""x"":""00:"
"201","2019/1/12 1:32","30.29","拱墅大队","29.5","[{""y"":29","x:""00:00:00""","s:""1""}","{""x"":""00:00:00""","y:28.99","s:""2""}","{""y"":29.07","x:""00:02:00""","s:""1""}","{""x"":""00:02:00""","y:29.35","s:""2""}","{""y"":29.12","x:""00:04:00""","s:""1""}","{""x"":""00:04:00""","y:29.07","s:""2""}","{""y"":29.09","x:""00:06:00""","s:""1""}","{""x"":""00:06:"
"202","2019/1/12 1:32","38.78","桐庐大队","40.28","[{""y"":34.81","x:""00:00:00""","s:""1""}","{""x"":""00:00:00""","y:36.67","s:""2""}","{""y"":35.94","x:""00:02:00""","s:""1""}","{""x"":""00:02:00""","y:37.66","s:""2""}","{""y"":35.75","x:""00:04:00""","s:""1""}","{""x"":""00:04:00""","y:36.04","s:""2""}","{""y"":36.98","x:""00:06:00""","s:""1""}","{""x"":""00:"
"203","2019/1/12 1:34","29.31","下城大队","30.61","[{""y"":27.94","x:""00:00:00""","s:""1""}","{""x"":""00:00:00""","y:28.69","s:""2""}","{""y"":28.01","x:""00:02:00""","s:""1""}","{""x"":""00:02:00""","y:28.63","s:""2""}","{""y"":28","x:""00:04:00""","s:""1""}","{""x"":""00:04:00""","y:28.66","s:""2""}","{""y"":28.04","x:""00:06:00""","s:""1""}","{""x"":""00:06:"
"204","2019/1/12 1:34","38.75","桐庐大队","42.94","[{""y"":34.81","x:""00:00:00""","s:""1""}","{""x"":""00:00:00""","y:36.67","s:""2""}","{""y"":35.94","x:""00:02:00""","s:""1""}","{""x"":""00:02:00""","y:37.66","s:""2""}","{""y"":35.75","x:""00:04:00""","s:""1""}","{""x"":""00:04:00""","y:36.04","s:""2""}","{""y"":36.98","x:""00:06:00""","s:""1""}","{""x"":""00:"
"205","2019/1/12 1:34","38.62","淳安大队","40","[{""y"":37.38","x:""00:00:00""","s:""1""}","{""x"":""00:00:00""","y:32.32","s:""2""}","{""y"":37.27","x:""00:02:00""","s:""1""}","{""x"":""00:02:00""","y:32.13","s:""2""}","{""y"":37.44","x:""00:04:00""","s:""1""}","{""x"":""00:04:00""","y:34.13","s:""2""}","{""y"":37.63","x:""00:06:00""","s:""1""}","{""x"":""00:"
"206","2019/1/12 1:36","29.26","下城大队","30.4","[{""y"":27.94","x:""00:00:00""","s:""1""}","{""x"":""00:00:00""","y:28.69","s:""2""}","{""y"":28.01","x:""00:02:00""","s:""1""}","{""x"":""00:02:00""","y:28.63","s:""2""}","{""y"":28","x:""00:04:00""","s:""1""}","{""x"":""00:04:00""","y:28.66","s:""2""}","{""y"":28.04","x:""00:06:00""","s:""1""}","{""x"":""00:06:"
"207","2019/1/12 1:36","37.56","临安大队","39.71","[{""y"":43.53","x:""00:00:00""","s:""1""}","{""x"":""00:00:00""","y:37.98","s:""2""}","{""y"":42.09","x:""00:02:00""","s:""1""}","{""x"":""00:02:00""","y:43.36","s:""2""}","{""y"":41.85","x:""00:04:00""","s:""1""}","{""x"":""00:04:00""","y:42.97","s:""2""}","{""y"":41.02","x:""00:06:00""","s:""1""}","{""x"":""00:"
"208","2019/1/12 1:36","36.81","景区大队","38.92","[{""y"":35.22","x:""00:00:00""","s:""1""}","{""x"":""00:00:00""","y:38.65","s:""2""}","{""y"":35.02","x:""00:02:00""","s:""1""}","{""x"":""00:02:00""","y:40.1","s:""2""}","{""y"":34.98","x:""00:04:00""","s:""1""}","{""x"":""00:04:00""","y:40.28","s:""2""}","{""y"":34.87","x:""00:06:00""","s:""1""}","{""x"":""00:0"
"209","2019/1/12 1:36","38.27","桐庐大队","41.99","[{""y"":34.81","x:""00:00:00""","s:""1""}","{""x"":""00:00:00""","y:36.67","s:""2""}","{""y"":35.94","x:""00:02:00""","s:""1""}","{""x"":""00:02:00""","y:37.66","s:""2""}","{""y"":35.75","x:""00:04:00""","s:""1""}","{""x"":""00:04:00""","y:36.04","s:""2""}","{""y"":36.98","x:""00:06:00""","s:""1""}","{""x"":""00:"
"21","2019/1/12 0:06","39.87","萧山大队","38.2","[{""y"":39.77","x:""00:00:00""","s:""1""}","{""x"":""00:00:00""","y:39.01","s:""2""}","{""y"":39.34","x:""00:02:00""","s:""1""}","{""x"":""00:02:00""","y:38.8","s:""2""}","{""y"":39.57","x:""00:04:00""","s:""1""}","{""x"":""00:04:00""","y:38.82","s:""2""}","{""y"":39.87","x:""00:06:00""","s:""1""}","{""x"":""00:0"
"210","2019/1/12 1:36","38.91","淳安大队","40","[{""y"":37.38","x:""00:00:00""","s:""1""}","{""x"":""00:00:00""","y:32.32","s:""2""}","{""y"":37.27","x:""00:02:00""","s:""1""}","{""x"":""00:02:00""","y:32.13","s:""2""}","{""y"":37.44","x:""00:04:00""","s:""1""}","{""x"":""00:04:00""","y:34.13","s:""2""}","{""y"":37.63","x:""00:06:00""","s:""1""}","{""x"":""00:"
"211","2019/1/12 1:38","29.66","上城大队","30.11","[{""y"":28.65","x:""00:00:00""","s:""1""}","{""x"":""00:00:00""","y:28.86","s:""2""}","{""y"":28.44","x:""00:02:00""","s:""1""}","{""x"":""00:02:00""","y:29.54","s:""2""}","{""y"":28.39","x:""00:04:00""","s:""1""}","{""x"":""00:04:00""","y:28.92","s:""2""}","{""y"":28.41","x:""00:06:00""","s:""1""}","{""x"":""00:"
"212","2019/1/12 1:38","29.31","下城大队","30.32","[{""y"":27.94","x:""00:00:00""","s:""1""}","{""x"":""00:00:00""","y:28.69","s:""2""}","{""y"":28.01","x:""00:02:00""","s:""1""}","{""x"":""00:02:00""","y:28.63","s:""2""}","{""y"":28","x:""00:04:00""","s:""1""}","{""x"":""00:04:00""","y:28.66","s:""2""}","{""y"":28.04","x:""00:06:00""","s:""1""}","{""x"":""00:06:"
"213","2019/1/12 1:38","37.59","临安大队","39.28","[{""y"":43.53","x:""00:00:00""","s:""1""}","{""x"":""00:00:00""","y:37.98","s:""2""}","{""y"":42.09","x:""00:02:00""","s:""1""}","{""x"":""00:02:00""","y:43.36","s:""2""}","{""y"":41.85","x:""00:04:00""","s:""1""}","{""x"":""00:04:00""","y:42.97","s:""2""}","{""y"":41.02","x:""00:06:00""","s:""1""}","{""x"":""00:"
"214","2019/1/12 1:38","31.54","主城区","31.95","[{""y"":30.45","x:""00:00:00""","s:""1""}","{""x"":""00:00:00""","y:30.92","s:""2""}","{""y"":30.44","x:""00:02:00""","s:""1""}","{""x"":""00:02:00""","y:31.2","s:""2""}","{""y"":30.48","x:""00:04:00""","s:""1""}","{""x"":""00:04:00""","y:31.06","s:""2""}","{""y"":30.49","x:""00:06:00""","s:""1""}","{""x"":""00:0"
"215","2019/1/12 1:38","47.65","大江东大队","43.31","[{""y"":47.21","x:""00:00:00""","s:""1""}","{""x"":""00:00:00""","y:46.46","s:""2""}","{""y"":47.5","x:""00:02:00""","s:""1""}","{""x"":""00:02:00""","y:47.48","s:""2""}","{""y"":47.01","x:""00:04:00""","s:""1""}","{""x"":""00:04:00""","y:47.41","s:""2""}","{""y"":46.76","x:""00:06:00""","s:""1""}","{""x"":""00:0"
"216","2019/1/12 1:38","36.77","建德大队","35.73","[{""y"":36.11","x:""00:00:00""","s:""1""}","{""x"":""00:00:00""","y:35.36","s:""2""}","{""y"":36.25","x:""00:02:00""","s:""1""}","{""x"":""00:02:00""","y:36.38","s:""2""}","{""y"":36.37","x:""00:04:00""","s:""1""}","{""x"":""00:04:00""","y:35.85","s:""2""}","{""y"":36.09","x:""00:06:00""","s:""1""}","{""x"":""00:"
"217","2019/1/12 1:38","36.87","景区大队","38.89","[{""y"":35.22","x:""00:00:00""","s:""1""}","{""x"":""00:00:00""","y:38.65","s:""2""}","{""y"":35.02","x:""00:02:00""","s:""1""}","{""x"":""00:02:00""","y:40.1","s:""2""}","{""y"":34.98","x:""00:04:00""","s:""1""}","{""x"":""00:04:00""","y:40.28","s:""2""}","{""y"":34.87","x:""00:06:00""","s:""1""}","{""x"":""00:0"
"218","2019/1/12 1:38","38.07","桐庐大队","41.08","[{""y"":34.81","x:""00:00:00""","s:""1""}","{""x"":""00:00:00""","y:36.67","s:""2""}","{""y"":35.94","x:""00:02:00""","s:""1""}","{""x"":""00:02:00""","y:37.66","s:""2""}","{""y"":35.75","x:""00:04:00""","s:""1""}","{""x"":""00:04:00""","y:36.04","s:""2""}","{""y"":36.98","x:""00:06:00""","s:""1""}","{""x"":""00:"
"219","2019/1/12 1:38","32.11","江干大队","33.03","[{""y"":31.05","x:""00:00:00""","s:""1""}","{""x"":""00:00:00""","y:31.64","s:""2""}","{""y"":31.09","x:""00:02:00""","s:""1""}","{""x"":""00:02:00""","y:31.66","s:""2""}","{""y"":31.07","x:""00:04:00""","s:""1""}","{""x"":""00:04:00""","y:31.5","s:""2""}","{""y"":31.13","x:""00:06:00""","s:""1""}","{""x"":""00:0"
"22","2019/1/12 0:06","31.56","西湖大队","32.65","[{""y"":31.45","x:""00:00:00""","s:""1""}","{""x"":""00:00:00""","y:31.86","s:""2""}","{""y"":31.39","x:""00:02:00""","s:""1""}","{""x"":""00:02:00""","y:32.19","s:""2""}","{""y"":31.56","x:""00:04:00""","s:""1""}","{""x"":""00:04:00""","y:32.32","s:""2""}","{""y"":31.56","x:""00:06:00""","s:""1""}","{""x"":""00:"
"220","2019/1/12 1:38","38.76","淳安大队","36.82","[{""y"":37.38","x:""00:00:00""","s:""1""}","{""x"":""00:00:00""","y:32.32","s:""2""}","{""y"":37.27","x:""00:02:00""","s:""1""}","{""x"":""00:02:00""","y:32.13","s:""2""}","{""y"":37.44","x:""00:04:00""","s:""1""}","{""x"":""00:04:00""","y:34.13","s:""2""}","{""y"":37.63","x:""00:06:00""","s:""1""}","{""x"":""00:"
"221","2019/1/12 1:38","42.22","萧山大队","37.81","[{""y"":39.77","x:""00:00:00""","s:""1""}","{""x"":""00:00:00""","y:39.01","s:""2""}","{""y"":39.34","x:""00:02:00""","s:""1""}","{""x"":""00:02:00""","y:38.8","s:""2""}","{""y"":39.57","x:""00:04:00""","s:""1""}","{""x"":""00:04:00""","y:38.82","s:""2""}","{""y"":39.87","x:""00:06:00""","s:""1""}","{""x"":""00:0"
"222","2019/1/12 1:38","32.77","西湖大队","33.46","[{""y"":31.45","x:""00:00:00""","s:""1""}","{""x"":""00:00:00""","y:31.86","s:""2""}","{""y"":31.39","x:""00:02:00""","s:""1""}","{""x"":""00:02:00""","y:32.19","s:""2""}","{""y"":31.56","x:""00:04:00""","s:""1""}","{""x"":""00:04:00""","y:32.32","s:""2""}","{""y"":31.56","x:""00:06:00""","s:""1""}","{""x"":""00:"
"223","2019/1/12 1:40","39.19","淳安大队","36.24","[{""y"":37.38","x:""00:00:00""","s:""1""}","{""x"":""00:00:00""","y:32.32","s:""2""}","{""y"":37.27","x:""00:02:00""","s:""1""}","{""x"":""00:02:00""","y:32.13","s:""2""}","{""y"":37.44","x:""00:04:00""","s:""1""}","{""x"":""00:04:00""","y:34.13","s:""2""}","{""y"":37.63","x:""00:06:00""","s:""1""}","{""x"":""00:"
"224","2019/1/12 1:42","29.62","上城大队","29.35","[{""y"":28.65","x:""00:00:00""","s:""1""}","{""x"":""00:00:00""","y:28.86","s:""2""}","{""y"":28.44","x:""00:02:00""","s:""1""}","{""x"":""00:02:00""","y:29.54","s:""2""}","{""y"":28.39","x:""00:04:00""","s:""1""}","{""x"":""00:04:00""","y:28.92","s:""2""}","{""y"":28.41","x:""00:06:00""","s:""1""}","{""x"":""00:"
"225","2019/1/12 1:42","31.57","主城区","31.85","[{""y"":30.45","x:""00:00:00""","s:""1""}","{""x"":""00:00:00""","y:30.92","s:""2""}","{""y"":30.44","x:""00:02:00""","s:""1""}","{""x"":""00:02:00""","y:31.2","s:""2""}","{""y"":30.48","x:""00:04:00""","s:""1""}","{""x"":""00:04:00""","y:31.06","s:""2""}","{""y"":30.49","x:""00:06:00""","s:""1""}","{""x"":""00:0"
"226","2019/1/12 1:42","47.54","大江东大队","44.08","[{""y"":47.21","x:""00:00:00""","s:""1""}","{""x"":""00:00:00""","y:46.46","s:""2""}","{""y"":47.5","x:""00:02:00""","s:""1""}","{""x"":""00:02:00""","y:47.48","s:""2""}","{""y"":47.01","x:""00:04:00""","s:""1""}","{""x"":""00:04:00""","y:47.41","s:""2""}","{""y"":46.76","x:""00:06:00""","s:""1""}","{""x"":""00:0"
"227","2019/1/12 1:42","45.63","富阳大队","43.78","[{""y"":41.59","x:""00:00:00""","s:""1""}","{""x"":""00:00:00""","y:34.53","s:""2""}","{""y"":41.31","x:""00:02:00""","s:""1""}","{""x"":""00:02:00""","y:40.01","s:""2""}","{""y"":41.55","x:""00:04:00""","s:""1""}","{""x"":""00:04:00""","y:32.89","s:""2""}","{""y"":41.75","x:""00:06:00""","s:""1""}","{""x"":""00:"
"228","2019/1/12 1:42","30.42","拱墅大队","29.43","[{""y"":29","x:""00:00:00""","s:""1""}","{""x"":""00:00:00""","y:28.99","s:""2""}","{""y"":29.07","x:""00:02:00""","s:""1""}","{""x"":""00:02:00""","y:29.35","s:""2""}","{""y"":29.12","x:""00:04:00""","s:""1""}","{""x"":""00:04:00""","y:29.07","s:""2""}","{""y"":29.09","x:""00:06:00""","s:""1""}","{""x"":""00:06:"
"229","2019/1/12 1:42","41.81","萧山大队","38.24","[{""y"":39.77","x:""00:00:00""","s:""1""}","{""x"":""00:00:00""","y:39.01","s:""2""}","{""y"":39.34","x:""00:02:00""","s:""1""}","{""x"":""00:02:00""","y:38.8","s:""2""}","{""y"":39.57","x:""00:04:00""","s:""1""}","{""x"":""00:04:00""","y:38.82","s:""2""}","{""y"":39.87","x:""00:06:00""","s:""1""}","{""x"":""00:0"
"23","2019/1/12 0:08","28.41","上城大队","30.37","[{""y"":28.65","x:""00:00:00""","s:""1""}","{""x"":""00:00:00""","y:28.86","s:""2""}","{""y"":28.44","x:""00:02:00""","s:""1""}","{""x"":""00:02:00""","y:29.54","s:""2""}","{""y"":28.39","x:""00:04:00""","s:""1""}","{""x"":""00:04:00""","y:28.92","s:""2""}","{""y"":28.41","x:""00:06:00""","s:""1""}","{""x"":""00:"
"230","2019/1/12 1:44","29.49","上城大队","30.16","[{""y"":28.65","x:""00:00:00""","s:""1""}","{""x"":""00:00:00""","y:28.86","s:""2""}","{""y"":28.44","x:""00:02:00""","s:""1""}","{""x"":""00:02:00""","y:29.54","s:""2""}","{""y"":28.39","x:""00:04:00""","s:""1""}","{""x"":""00:04:00""","y:28.92","s:""2""}","{""y"":28.41","x:""00:06:00""","s:""1""}","{""x"":""00:"
"231","2019/1/12 1:44","29.27","下城大队","30.4","[{""y"":27.94","x:""00:00:00""","s:""1""}","{""x"":""00:00:00""","y:28.69","s:""2""}","{""y"":28.01","x:""00:02:00""","s:""1""}","{""x"":""00:02:00""","y:28.63","s:""2""}","{""y"":28","x:""00:04:00""","s:""1""}","{""x"":""00:04:00""","y:28.66","s:""2""}","{""y"":28.04","x:""00:06:00""","s:""1""}","{""x"":""00:06:"
"232","2019/1/12 1:44","32.54","下沙大队","34.13","[{""y"":31.78","x:""00:00:00""","s:""1""}","{""x"":""00:00:00""","y:33.02","s:""2""}","{""y"":31.73","x:""00:02:00""","s:""1""}","{""x"":""00:02:00""","y:33.25","s:""2""}","{""y"":31.94","x:""00:04:00""","s:""1""}","{""x"":""00:04:00""","y:32.58","s:""2""}","{""y"":32.02","x:""00:06:00""","s:""1""}","{""x"":""00:"
"233","2019/1/12 1:44","37.86","临安大队","37.96","[{""y"":43.53","x:""00:00:00""","s:""1""}","{""x"":""00:00:00""","y:37.98","s:""2""}","{""y"":42.09","x:""00:02:00""","s:""1""}","{""x"":""00:02:00""","y:43.36","s:""2""}","{""y"":41.85","x:""00:04:00""","s:""1""}","{""x"":""00:04:00""","y:42.97","s:""2""}","{""y"":41.02","x:""00:06:00""","s:""1""}","{""x"":""00:"
"234","2019/1/12 1:44","31.57","主城区","32.01","[{""y"":30.45","x:""00:00:00""","s:""1""}","{""x"":""00:00:00""","y:30.92","s:""2""}","{""y"":30.44","x:""00:02:00""","s:""1""}","{""x"":""00:02:00""","y:31.2","s:""2""}","{""y"":30.48","x:""00:04:00""","s:""1""}","{""x"":""00:04:00""","y:31.06","s:""2""}","{""y"":30.49","x:""00:06:00""","s:""1""}","{""x"":""00:0"
"235","2019/1/12 1:44","36.63","余杭大队","35.56","[{""y"":36.37","x:""00:00:00""","s:""1""}","{""x"":""00:00:00""","y:35.51","s:""2""}","{""y"":36.47","x:""00:02:00""","s:""1""}","{""x"":""00:02:00""","y:35.92","s:""2""}","{""y"":36.48","x:""00:04:00""","s:""1""}","{""x"":""00:04:00""","y:36.02","s:""2""}","{""y"":36.23","x:""00:06:00""","s:""1""}","{""x"":""00:"
"236","2019/1/12 1:44","47.16","大江东大队","44.02","[{""y"":47.21","x:""00:00:00""","s:""1""}","{""x"":""00:00:00""","y:46.46","s:""2""}","{""y"":47.5","x:""00:02:00""","s:""1""}","{""x"":""00:02:00""","y:47.48","s:""2""}","{""y"":47.01","x:""00:04:00""","s:""1""}","{""x"":""00:04:00""","y:47.41","s:""2""}","{""y"":46.76","x:""00:06:00""","s:""1""}","{""x"":""00:0"
"237","2019/1/12 1:44","45.24","富阳大队","44.65","[{""y"":41.59","x:""00:00:00""","s:""1""}","{""x"":""00:00:00""","y:34.53","s:""2""}","{""y"":41.31","x:""00:02:00""","s:""1""}","{""x"":""00:02:00""","y:40.01","s:""2""}","{""y"":41.55","x:""00:04:00""","s:""1""}","{""x"":""00:04:00""","y:32.89","s:""2""}","{""y"":41.75","x:""00:06:00""","s:""1""}","{""x"":""00:"
"238","2019/1/12 1:44","37.45","景区大队","39.82","[{""y"":35.22","x:""00:00:00""","s:""1""}","{""x"":""00:00:00""","y:38.65","s:""2""}","{""y"":35.02","x:""00:02:00""","s:""1""}","{""x"":""00:02:00""","y:40.1","s:""2""}","{""y"":34.98","x:""00:04:00""","s:""1""}","{""x"":""00:04:00""","y:40.28","s:""2""}","{""y"":34.87","x:""00:06:00""","s:""1""}","{""x"":""00:0"
"239","2019/1/12 1:44","39.09","桐庐大队","40.58","[{""y"":34.81","x:""00:00:00""","s:""1""}","{""x"":""00:00:00""","y:36.67","s:""2""}","{""y"":35.94","x:""00:02:00""","s:""1""}","{""x"":""00:02:00""","y:37.66","s:""2""}","{""y"":35.75","x:""00:04:00""","s:""1""}","{""x"":""00:04:00""","y:36.04","s:""2""}","{""y"":36.98","x:""00:06:00""","s:""1""}","{""x"":""00:"
"24","2019/1/12 0:08","28.09","下城大队","28.76","[{""y"":27.94","x:""00:00:00""","s:""1""}","{""x"":""00:00:00""","y:28.69","s:""2""}","{""y"":28.01","x:""00:02:00""","s:""1""}","{""x"":""00:02:00""","y:28.63","s:""2""}","{""y"":28","x:""00:04:00""","s:""1""}","{""x"":""00:04:00""","y:28.66","s:""2""}","{""y"":28.04","x:""00:06:00""","s:""1""}","{""x"":""00:06:"
"240","2019/1/12 1:44","39.68","淳安大队","36.29","[{""y"":37.38","x:""00:00:00""","s:""1""}","{""x"":""00:00:00""","y:32.32","s:""2""}","{""y"":37.27","x:""00:02:00""","s:""1""}","{""x"":""00:02:00""","y:32.13","s:""2""}","{""y"":37.44","x:""00:04:00""","s:""1""}","{""x"":""00:04:00""","y:34.13","s:""2""}","{""y"":37.63","x:""00:06:00""","s:""1""}","{""x"":""00:"
"241","2019/1/12 1:44","35.21","滨江大队","34.62","[{""y"":33.38","x:""00:00:00""","s:""1""}","{""x"":""00:00:00""","y:33.22","s:""2""}","{""y"":33.38","x:""00:02:00""","s:""1""}","{""x"":""00:02:00""","y:33.44","s:""2""}","{""y"":33.42","x:""00:04:00""","s:""1""}","{""x"":""00:04:00""","y:33.42","s:""2""}","{""y"":33.33","x:""00:06:00""","s:""1""}","{""x"":""00:"
"242","2019/1/12 1:44","42.1","萧山大队","38.12","[{""y"":39.77","x:""00:00:00""","s:""1""}","{""x"":""00:00:00""","y:39.01","s:""2""}","{""y"":39.34","x:""00:02:00""","s:""1""}","{""x"":""00:02:00""","y:38.8","s:""2""}","{""y"":39.57","x:""00:04:00""","s:""1""}","{""x"":""00:04:00""","y:38.82","s:""2""}","{""y"":39.87","x:""00:06:00""","s:""1""}","{""x"":""00:0"
"243","2019/1/12 1:44","32.77","西湖大队","33.21","[{""y"":31.45","x:""00:00:00""","s:""1""}","{""x"":""00:00:00""","y:31.86","s:""2""}","{""y"":31.39","x:""00:02:00""","s:""1""}","{""x"":""00:02:00""","y:32.19","s:""2""}","{""y"":31.56","x:""00:04:00""","s:""1""}","{""x"":""00:04:00""","y:32.32","s:""2""}","{""y"":31.56","x:""00:06:00""","s:""1""}","{""x"":""00:"
"244","2019/1/12 1:46","29.49","上城大队","30.21","[{""y"":28.65","x:""00:00:00""","s:""1""}","{""x"":""00:00:00""","y:28.86","s:""2""}","{""y"":28.44","x:""00:02:00""","s:""1""}","{""x"":""00:02:00""","y:29.54","s:""2""}","{""y"":28.39","x:""00:04:00""","s:""1""}","{""x"":""00:04:00""","y:28.92","s:""2""}","{""y"":28.41","x:""00:06:00""","s:""1""}","{""x"":""00:"
"245","2019/1/12 1:46","31.6","主城区","32.05","[{""y"":30.45","x:""00:00:00""","s:""1""}","{""x"":""00:00:00""","y:30.92","s:""2""}","{""y"":30.44","x:""00:02:00""","s:""1""}","{""x"":""00:02:00""","y:31.2","s:""2""}","{""y"":30.48","x:""00:04:00""","s:""1""}","{""x"":""00:04:00""","y:31.06","s:""2""}","{""y"":30.49","x:""00:06:00""","s:""1""}","{""x"":""00:0"
"246","2019/1/12 1:46","39.17","建德大队","36.79","[{""y"":36.11","x:""00:00:00""","s:""1""}","{""x"":""00:00:00""","y:35.36","s:""2""}","{""y"":36.25","x:""00:02:00""","s:""1""}","{""x"":""00:02:00""","y:36.38","s:""2""}","{""y"":36.37","x:""00:04:00""","s:""1""}","{""x"":""00:04:00""","y:35.85","s:""2""}","{""y"":36.09","x:""00:06:00""","s:""1""}","{""x"":""00:"
"247","2019/1/12 1:46","37.83","景区大队","40.77","[{""y"":35.22","x:""00:00:00""","s:""1""}","{""x"":""00:00:00""","y:38.65","s:""2""}","{""y"":35.02","x:""00:02:00""","s:""1""}","{""x"":""00:02:00""","y:40.1","s:""2""}","{""y"":34.98","x:""00:04:00""","s:""1""}","{""x"":""00:04:00""","y:40.28","s:""2""}","{""y"":34.87","x:""00:06:00""","s:""1""}","{""x"":""00:0"
"248","2019/1/12 1:46","39.58","桐庐大队","40.35","[{""y"":34.81","x:""00:00:00""","s:""1""}","{""x"":""00:00:00""","y:36.67","s:""2""}","{""y"":35.94","x:""00:02:00""","s:""1""}","{""x"":""00:02:00""","y:37.66","s:""2""}","{""y"":35.75","x:""00:04:00""","s:""1""}","{""x"":""00:04:00""","y:36.04","s:""2""}","{""y"":36.98","x:""00:06:00""","s:""1""}","{""x"":""00:"
"249","2019/1/12 1:46","32.32","江干大队","32.78","[{""y"":31.05","x:""00:00:00""","s:""1""}","{""x"":""00:00:00""","y:31.64","s:""2""}","{""y"":31.09","x:""00:02:00""","s:""1""}","{""x"":""00:02:00""","y:31.66","s:""2""}","{""y"":31.07","x:""00:04:00""","s:""1""}","{""x"":""00:04:00""","y:31.5","s:""2""}","{""y"":31.13","x:""00:06:00""","s:""1""}","{""x"":""00:0"
"25","2019/1/12 0:08","32.08","下沙大队","32.37","[{""y"":31.78","x:""00:00:00""","s:""1""}","{""x"":""00:00:00""","y:33.02","s:""2""}","{""y"":31.73","x:""00:02:00""","s:""1""}","{""x"":""00:02:00""","y:33.25","s:""2""}","{""y"":31.94","x:""00:04:00""","s:""1""}","{""x"":""00:04:00""","y:32.58","s:""2""}","{""y"":32.02","x:""00:06:00""","s:""1""}","{""x"":""00:"
"250","2019/1/12 1:46","39.55","淳安大队","36.29","[{""y"":37.38","x:""00:00:00""","s:""1""}","{""x"":""00:00:00""","y:32.32","s:""2""}","{""y"":37.27","x:""00:02:00""","s:""1""}","{""x"":""00:02:00""","y:32.13","s:""2""}","{""y"":37.44","x:""00:04:00""","s:""1""}","{""x"":""00:04:00""","y:34.13","s:""2""}","{""y"":37.63","x:""00:06:00""","s:""1""}","{""x"":""00:"
"251","2019/1/12 1:46","35.48","滨江大队","34.41","[{""y"":33.38","x:""00:00:00""","s:""1""}","{""x"":""00:00:00""","y:33.22","s:""2""}","{""y"":33.38","x:""00:02:00""","s:""1""}","{""x"":""00:02:00""","y:33.44","s:""2""}","{""y"":33.42","x:""00:04:00""","s:""1""}","{""x"":""00:04:00""","y:33.42","s:""2""}","{""y"":33.33","x:""00:06:00""","s:""1""}","{""x"":""00:"
"252","2019/1/12 1:46","42.81","萧山大队","38.72","[{""y"":39.77","x:""00:00:00""","s:""1""}","{""x"":""00:00:00""","y:39.01","s:""2""}","{""y"":39.34","x:""00:02:00""","s:""1""}","{""x"":""00:02:00""","y:38.8","s:""2""}","{""y"":39.57","x:""00:04:00""","s:""1""}","{""x"":""00:04:00""","y:38.82","s:""2""}","{""y"":39.87","x:""00:06:00""","s:""1""}","{""x"":""00:0"
"253","2019/1/12 1:46","32.85","西湖大队","33.4","[{""y"":31.45","x:""00:00:00""","s:""1""}","{""x"":""00:00:00""","y:31.86","s:""2""}","{""y"":31.39","x:""00:02:00""","s:""1""}","{""x"":""00:02:00""","y:32.19","s:""2""}","{""y"":31.56","x:""00:04:00""","s:""1""}","{""x"":""00:04:00""","y:32.32","s:""2""}","{""y"":31.56","x:""00:06:00""","s:""1""}","{""x"":""00:"
"254","2019/1/12 1:48","29.56","上城大队","31.01","[{""y"":28.65","x:""00:00:00""","s:""1""}","{""x"":""00:00:00""","y:28.86","s:""2""}","{""y"":28.44","x:""00:02:00""","s:""1""}","{""x"":""00:02:00""","y:29.54","s:""2""}","{""y"":28.39","x:""00:04:00""","s:""1""}","{""x"":""00:04:00""","y:28.92","s:""2""}","{""y"":28.41","x:""00:06:00""","s:""1""}","{""x"":""00:"
"255","2019/1/12 1:48","29.37","下城大队","30.27","[{""y"":27.94","x:""00:00:00""","s:""1""}","{""x"":""00:00:00""","y:28.69","s:""2""}","{""y"":28.01","x:""00:02:00""","s:""1""}","{""x"":""00:02:00""","y:28.63","s:""2""}","{""y"":28","x:""00:04:00""","s:""1""}","{""x"":""00:04:00""","y:28.66","s:""2""}","{""y"":28.04","x:""00:06:00""","s:""1""}","{""x"":""00:06:"
"256","2019/1/12 1:48","33.04","下沙大队","34.23","[{""y"":31.78","x:""00:00:00""","s:""1""}","{""x"":""00:00:00""","y:33.02","s:""2""}","{""y"":31.73","x:""00:02:00""","s:""1""}","{""x"":""00:02:00""","y:33.25","s:""2""}","{""y"":31.94","x:""00:04:00""","s:""1""}","{""x"":""00:04:00""","y:32.58","s:""2""}","{""y"":32.02","x:""00:06:00""","s:""1""}","{""x"":""00:"
"257","2019/1/12 1:48","37.77","临安大队","37.03","[{""y"":43.53","x:""00:00:00""","s:""1""}","{""x"":""00:00:00""","y:37.98","s:""2""}","{""y"":42.09","x:""00:02:00""","s:""1""}","{""x"":""00:02:00""","y:43.36","s:""2""}","{""y"":41.85","x:""00:04:00""","s:""1""}","{""x"":""00:04:00""","y:42.97","s:""2""}","{""y"":41.02","x:""00:06:00""","s:""1""}","{""x"":""00:"
"258","2019/1/12 1:48","31.62","主城区","31.94","[{""y"":30.45","x:""00:00:00""","s:""1""}","{""x"":""00:00:00""","y:30.92","s:""2""}","{""y"":30.44","x:""00:02:00""","s:""1""}","{""x"":""00:02:00""","y:31.2","s:""2""}","{""y"":30.48","x:""00:04:00""","s:""1""}","{""x"":""00:04:00""","y:31.06","s:""2""}","{""y"":30.49","x:""00:06:00""","s:""1""}","{""x"":""00:0"
"259","2019/1/12 1:48","36.76","余杭大队","36.49","[{""y"":36.37","x:""00:00:00""","s:""1""}","{""x"":""00:00:00""","y:35.51","s:""2""}","{""y"":36.47","x:""00:02:00""","s:""1""}","{""x"":""00:02:00""","y:35.92","s:""2""}","{""y"":36.48","x:""00:04:00""","s:""1""}","{""x"":""00:04:00""","y:36.02","s:""2""}","{""y"":36.23","x:""00:06:00""","s:""1""}","{""x"":""00:"
"26","2019/1/12 0:08","41.07","临安大队","44.42","[{""y"":43.53","x:""00:00:00""","s:""1""}","{""x"":""00:00:00""","y:37.98","s:""2""}","{""y"":42.09","x:""00:02:00""","s:""1""}","{""x"":""00:02:00""","y:43.36","s:""2""}","{""y"":41.85","x:""00:04:00""","s:""1""}","{""x"":""00:04:00""","y:42.97","s:""2""}","{""y"":41.02","x:""00:06:00""","s:""1""}","{""x"":""00:"
"260","2019/1/12 1:48","47.07","大江东大队","41.71","[{""y"":47.21","x:""00:00:00""","s:""1""}","{""x"":""00:00:00""","y:46.46","s:""2""}","{""y"":47.5","x:""00:02:00""","s:""1""}","{""x"":""00:02:00""","y:47.48","s:""2""}","{""y"":47.01","x:""00:04:00""","s:""1""}","{""x"":""00:04:00""","y:47.41","s:""2""}","{""y"":46.76","x:""00:06:00""","s:""1""}","{""x"":""00:0"
"261","2019/1/12 1:48","46.11","富阳大队","44.67","[{""y"":41.59","x:""00:00:00""","s:""1""}","{""x"":""00:00:00""","y:34.53","s:""2""}","{""y"":41.31","x:""00:02:00""","s:""1""}","{""x"":""00:02:00""","y:40.01","s:""2""}","{""y"":41.55","x:""00:04:00""","s:""1""}","{""x"":""00:04:00""","y:32.89","s:""2""}","{""y"":41.75","x:""00:06:00""","s:""1""}","{""x"":""00:"
"262","2019/1/12 1:48","38.94","建德大队","35.37","[{""y"":36.11","x:""00:00:00""","s:""1""}","{""x"":""00:00:00""","y:35.36","s:""2""}","{""y"":36.25","x:""00:02:00""","s:""1""}","{""x"":""00:02:00""","y:36.38","s:""2""}","{""y"":36.37","x:""00:04:00""","s:""1""}","{""x"":""00:04:00""","y:35.85","s:""2""}","{""y"":36.09","x:""00:06:00""","s:""1""}","{""x"":""00:"
"263","2019/1/12 1:48","30.34","拱墅大队","29.16","[{""y"":29","x:""00:00:00""","s:""1""}","{""x"":""00:00:00""","y:28.99","s:""2""}","{""y"":29.07","x:""00:02:00""","s:""1""}","{""x"":""00:02:00""","y:29.35","s:""2""}","{""y"":29.12","x:""00:04:00""","s:""1""}","{""x"":""00:04:00""","y:29.07","s:""2""}","{""y"":29.09","x:""00:06:00""","s:""1""}","{""x"":""00:06:"
"264","2019/1/12 1:48","37.57","景区大队","38.55","[{""y"":35.22","x:""00:00:00""","s:""1""}","{""x"":""00:00:00""","y:38.65","s:""2""}","{""y"":35.02","x:""00:02:00""","s:""1""}","{""x"":""00:02:00""","y:40.1","s:""2""}","{""y"":34.98","x:""00:04:00""","s:""1""}","{""x"":""00:04:00""","y:40.28","s:""2""}","{""y"":34.87","x:""00:06:00""","s:""1""}","{""x"":""00:0"
"265","2019/1/12 1:48","39.82","桐庐大队","41.37","[{""y"":34.81","x:""00:00:00""","s:""1""}","{""x"":""00:00:00""","y:36.67","s:""2""}","{""y"":35.94","x:""00:02:00""","s:""1""}","{""x"":""00:02:00""","y:37.66","s:""2""}","{""y"":35.75","x:""00:04:00""","s:""1""}","{""x"":""00:04:00""","y:36.04","s:""2""}","{""y"":36.98","x:""00:06:00""","s:""1""}","{""x"":""00:"
"266","2019/1/12 1:48","32.18","江干大队","32.74","[{""y"":31.05","x:""00:00:00""","s:""1""}","{""x"":""00:00:00""","y:31.64","s:""2""}","{""y"":31.09","x:""00:02:00""","s:""1""}","{""x"":""00:02:00""","y:31.66","s:""2""}","{""y"":31.07","x:""00:04:00""","s:""1""}","{""x"":""00:04:00""","y:31.5","s:""2""}","{""y"":31.13","x:""00:06:00""","s:""1""}","{""x"":""00:0"
"267","2019/1/12 1:48","39.39","淳安大队","36.29","[{""y"":37.38","x:""00:00:00""","s:""1""}","{""x"":""00:00:00""","y:32.32","s:""2""}","{""y"":37.27","x:""00:02:00""","s:""1""}","{""x"":""00:02:00""","y:32.13","s:""2""}","{""y"":37.44","x:""00:04:00""","s:""1""}","{""x"":""00:04:00""","y:34.13","s:""2""}","{""y"":37.63","x:""00:06:00""","s:""1""}","{""x"":""00:"
"268","2019/1/12 1:48","35.51","滨江大队","34.37","[{""y"":33.38","x:""00:00:00""","s:""1""}","{""x"":""00:00:00""","y:33.22","s:""2""}","{""y"":33.38","x:""00:02:00""","s:""1""}","{""x"":""00:02:00""","y:33.44","s:""2""}","{""y"":33.42","x:""00:04:00""","s:""1""}","{""x"":""00:04:00""","y:33.42","s:""2""}","{""y"":33.33","x:""00:06:00""","s:""1""}","{""x"":""00:"
"269","2019/1/12 1:48","42.72","萧山大队","39.61","[{""y"":39.77","x:""00:00:00""","s:""1""}","{""x"":""00:00:00""","y:39.01","s:""2""}","{""y"":39.34","x:""00:02:00""","s:""1""}","{""x"":""00:02:00""","y:38.8","s:""2""}","{""y"":39.57","x:""00:04:00""","s:""1""}","{""x"":""00:04:00""","y:38.82","s:""2""}","{""y"":39.87","x:""00:06:00""","s:""1""}","{""x"":""00:0"
"27","2019/1/12 0:08","30.51","主城区","31.2","[{""y"":30.45","x:""00:00:00""","s:""1""}","{""x"":""00:00:00""","y:30.92","s:""2""}","{""y"":30.44","x:""00:02:00""","s:""1""}","{""x"":""00:02:00""","y:31.2","s:""2""}","{""y"":30.48","x:""00:04:00""","s:""1""}","{""x"":""00:04:00""","y:31.06","s:""2""}","{""y"":30.49","x:""00:06:00""","s:""1""}","{""x"":""00:0"
"270","2019/1/12 1:48","32.81","西湖大队","33.21","[{""y"":31.45","x:""00:00:00""","s:""1""}","{""x"":""00:00:00""","y:31.86","s:""2""}","{""y"":31.39","x:""00:02:00""","s:""1""}","{""x"":""00:02:00""","y:32.19","s:""2""}","{""y"":31.56","x:""00:04:00""","s:""1""}","{""x"":""00:04:00""","y:32.32","s:""2""}","{""y"":31.56","x:""00:06:00""","s:""1""}","{""x"":""00:"
"271","2019/1/12 1:50","29.7","上城大队","30.8","[{""y"":28.65","x:""00:00:00""","s:""1""}","{""x"":""00:00:00""","y:28.86","s:""2""}","{""y"":28.44","x:""00:02:00""","s:""1""}","{""x"":""00:02:00""","y:29.54","s:""2""}","{""y"":28.39","x:""00:04:00""","s:""1""}","{""x"":""00:04:00""","y:28.92","s:""2""}","{""y"":28.41","x:""00:06:00""","s:""1""}","{""x"":""00:"
"272","2019/1/12 1:50","29.48","下城大队","30.18","[{""y"":27.94","x:""00:00:00""","s:""1""}","{""x"":""00:00:00""","y:28.69","s:""2""}","{""y"":28.01","x:""00:02:00""","s:""1""}","{""x"":""00:02:00""","y:28.63","s:""2""}","{""y"":28","x:""00:04:00""","s:""1""}","{""x"":""00:04:00""","y:28.66","s:""2""}","{""y"":28.04","x:""00:06:00""","s:""1""}","{""x"":""00:06:"
"273","2019/1/12 1:50","32.85","下沙大队","34.67","[{""y"":31.78","x:""00:00:00""","s:""1""}","{""x"":""00:00:00""","y:33.02","s:""2""}","{""y"":31.73","x:""00:02:00""","s:""1""}","{""x"":""00:02:00""","y:33.25","s:""2""}","{""y"":31.94","x:""00:04:00""","s:""1""}","{""x"":""00:04:00""","y:32.58","s:""2""}","{""y"":32.02","x:""00:06:00""","s:""1""}","{""x"":""00:"
"274","2019/1/12 1:50","38.5","临安大队","41.26","[{""y"":43.53","x:""00:00:00""","s:""1""}","{""x"":""00:00:00""","y:37.98","s:""2""}","{""y"":42.09","x:""00:02:00""","s:""1""}","{""x"":""00:02:00""","y:43.36","s:""2""}","{""y"":41.85","x:""00:04:00""","s:""1""}","{""x"":""00:04:00""","y:42.97","s:""2""}","{""y"":41.02","x:""00:06:00""","s:""1""}","{""x"":""00:"
"275","2019/1/12 1:50","31.56","主城区","31.72","[{""y"":30.45","x:""00:00:00""","s:""1""}","{""x"":""00:00:00""","y:30.92","s:""2""}","{""y"":30.44","x:""00:02:00""","s:""1""}","{""x"":""00:02:00""","y:31.2","s:""2""}","{""y"":30.48","x:""00:04:00""","s:""1""}","{""x"":""00:04:00""","y:31.06","s:""2""}","{""y"":30.49","x:""00:06:00""","s:""1""}","{""x"":""00:0"
"276","2019/1/12 1:50","36.78","余杭大队","35.77","[{""y"":36.37","x:""00:00:00""","s:""1""}","{""x"":""00:00:00""","y:35.51","s:""2""}","{""y"":36.47","x:""00:02:00""","s:""1""}","{""x"":""00:02:00""","y:35.92","s:""2""}","{""y"":36.48","x:""00:04:00""","s:""1""}","{""x"":""00:04:00""","y:36.02","s:""2""}","{""y"":36.23","x:""00:06:00""","s:""1""}","{""x"":""00:"
"277","2019/1/12 1:50","48.01","大江东大队","42.02","[{""y"":47.21","x:""00:00:00""","s:""1""}","{""x"":""00:00:00""","y:46.46","s:""2""}","{""y"":47.5","x:""00:02:00""","s:""1""}","{""x"":""00:02:00""","y:47.48","s:""2""}","{""y"":47.01","x:""00:04:00""","s:""1""}","{""x"":""00:04:00""","y:47.41","s:""2""}","{""y"":46.76","x:""00:06:00""","s:""1""}","{""x"":""00:0"
"278","2019/1/12 1:50","46.68","富阳大队","43.52","[{""y"":41.59","x:""00:00:00""","s:""1""}","{""x"":""00:00:00""","y:34.53","s:""2""}","{""y"":41.31","x:""00:02:00""","s:""1""}","{""x"":""00:02:00""","y:40.01","s:""2""}","{""y"":41.55","x:""00:04:00""","s:""1""}","{""x"":""00:04:00""","y:32.89","s:""2""}","{""y"":41.75","x:""00:06:00""","s:""1""}","{""x"":""00:"
"279","2019/1/12 1:50","39.22","建德大队","36.89","[{""y"":36.11","x:""00:00:00""","s:""1""}","{""x"":""00:00:00""","y:35.36","s:""2""}","{""y"":36.25","x:""00:02:00""","s:""1""}","{""x"":""00:02:00""","y:36.38","s:""2""}","{""y"":36.37","x:""00:04:00""","s:""1""}","{""x"":""00:04:00""","y:35.85","s:""2""}","{""y"":36.09","x:""00:06:00""","s:""1""}","{""x"":""00:"
"28","2019/1/12 0:08","35.9","余杭大队","35.05","[{""y"":36.37","x:""00:00:00""","s:""1""}","{""x"":""00:00:00""","y:35.51","s:""2""}","{""y"":36.47","x:""00:02:00""","s:""1""}","{""x"":""00:02:00""","y:35.92","s:""2""}","{""y"":36.48","x:""00:04:00""","s:""1""}","{""x"":""00:04:00""","y:36.02","s:""2""}","{""y"":36.23","x:""00:06:00""","s:""1""}","{""x"":""00:"
"280","2019/1/12 1:50","30.35","拱墅大队","28.84","[{""y"":29","x:""00:00:00""","s:""1""}","{""x"":""00:00:00""","y:28.99","s:""2""}","{""y"":29.07","x:""00:02:00""","s:""1""}","{""x"":""00:02:00""","y:29.35","s:""2""}","{""y"":29.12","x:""00:04:00""","s:""1""}","{""x"":""00:04:00""","y:29.07","s:""2""}","{""y"":29.09","x:""00:06:00""","s:""1""}","{""x"":""00:06:"
"281","2019/1/12 1:50","37.07","景区大队","38.14","[{""y"":35.22","x:""00:00:00""","s:""1""}","{""x"":""00:00:00""","y:38.65","s:""2""}","{""y"":35.02","x:""00:02:00""","s:""1""}","{""x"":""00:02:00""","y:40.1","s:""2""}","{""y"":34.98","x:""00:04:00""","s:""1""}","{""x"":""00:04:00""","y:40.28","s:""2""}","{""y"":34.87","x:""00:06:00""","s:""1""}","{""x"":""00:0"
"282","2019/1/12 1:50","39.89","桐庐大队","42.72","[{""y"":34.81","x:""00:00:00""","s:""1""}","{""x"":""00:00:00""","y:36.67","s:""2""}","{""y"":35.94","x:""00:02:00""","s:""1""}","{""x"":""00:02:00""","y:37.66","s:""2""}","{""y"":35.75","x:""00:04:00""","s:""1""}","{""x"":""00:04:00""","y:36.04","s:""2""}","{""y"":36.98","x:""00:06:00""","s:""1""}","{""x"":""00:"
"283","2019/1/12 1:50","32.14","江干大队","32.56","[{""y"":31.05","x:""00:00:00""","s:""1""}","{""x"":""00:00:00""","y:31.64","s:""2""}","{""y"":31.09","x:""00:02:00""","s:""1""}","{""x"":""00:02:00""","y:31.66","s:""2""}","{""y"":31.07","x:""00:04:00""","s:""1""}","{""x"":""00:04:00""","y:31.5","s:""2""}","{""y"":31.13","x:""00:06:00""","s:""1""}","{""x"":""00:0"
"284","2019/1/12 1:50","38.85","淳安大队","38.43","[{""y"":37.38","x:""00:00:00""","s:""1""}","{""x"":""00:00:00""","y:32.32","s:""2""}","{""y"":37.27","x:""00:02:00""","s:""1""}","{""x"":""00:02:00""","y:32.13","s:""2""}","{""y"":37.44","x:""00:04:00""","s:""1""}","{""x"":""00:04:00""","y:34.13","s:""2""}","{""y"":37.63","x:""00:06:00""","s:""1""}","{""x"":""00:"
"285","2019/1/12 1:50","35.49","滨江大队","34.45","[{""y"":33.38","x:""00:00:00""","s:""1""}","{""x"":""00:00:00""","y:33.22","s:""2""}","{""y"":33.38","x:""00:02:00""","s:""1""}","{""x"":""00:02:00""","y:33.44","s:""2""}","{""y"":33.42","x:""00:04:00""","s:""1""}","{""x"":""00:04:00""","y:33.42","s:""2""}","{""y"":33.33","x:""00:06:00""","s:""1""}","{""x"":""00:"
"286","2019/1/12 1:50","42.95","萧山大队","40.35","[{""y"":39.77","x:""00:00:00""","s:""1""}","{""x"":""00:00:00""","y:39.01","s:""2""}","{""y"":39.34","x:""00:02:00""","s:""1""}","{""x"":""00:02:00""","y:38.8","s:""2""}","{""y"":39.57","x:""00:04:00""","s:""1""}","{""x"":""00:04:00""","y:38.82","s:""2""}","{""y"":39.87","x:""00:06:00""","s:""1""}","{""x"":""00:0"
"287","2019/1/12 1:50","32.72","西湖大队","32.69","[{""y"":31.45","x:""00:00:00""","s:""1""}","{""x"":""00:00:00""","y:31.86","s:""2""}","{""y"":31.39","x:""00:02:00""","s:""1""}","{""x"":""00:02:00""","y:32.19","s:""2""}","{""y"":31.56","x:""00:04:00""","s:""1""}","{""x"":""00:04:00""","y:32.32","s:""2""}","{""y"":31.56","x:""00:06:00""","s:""1""}","{""x"":""00:"
"288","2019/1/12 1:52","29.59","上城大队","30.65","[{""y"":28.65","x:""00:00:00""","s:""1""}","{""x"":""00:00:00""","y:28.86","s:""2""}","{""y"":28.44","x:""00:02:00""","s:""1""}","{""x"":""00:02:00""","y:29.54","s:""2""}","{""y"":28.39","x:""00:04:00""","s:""1""}","{""x"":""00:04:00""","y:28.92","s:""2""}","{""y"":28.41","x:""00:06:00""","s:""1""}","{""x"":""00:"
"289","2019/1/12 1:52","29.52","下城大队","29.66","[{""y"":27.94","x:""00:00:00""","s:""1""}","{""x"":""00:00:00""","y:28.69","s:""2""}","{""y"":28.01","x:""00:02:00""","s:""1""}","{""x"":""00:02:00""","y:28.63","s:""2""}","{""y"":28","x:""00:04:00""","s:""1""}","{""x"":""00:04:00""","y:28.66","s:""2""}","{""y"":28.04","x:""00:06:00""","s:""1""}","{""x"":""00:06:"
"29","2019/1/12 0:08","46.87","大江东大队","46.75","[{""y"":47.21","x:""00:00:00""","s:""1""}","{""x"":""00:00:00""","y:46.46","s:""2""}","{""y"":47.5","x:""00:02:00""","s:""1""}","{""x"":""00:02:00""","y:47.48","s:""2""}","{""y"":47.01","x:""00:04:00""","s:""1""}","{""x"":""00:04:00""","y:47.41","s:""2""}","{""y"":46.76","x:""00:06:00""","s:""1""}","{""x"":""00:0"
"290","2019/1/12 1:52","32.77","下沙大队","35.05","[{""y"":31.78","x:""00:00:00""","s:""1""}","{""x"":""00:00:00""","y:33.02","s:""2""}","{""y"":31.73","x:""00:02:00""","s:""1""}","{""x"":""00:02:00""","y:33.25","s:""2""}","{""y"":31.94","x:""00:04:00""","s:""1""}","{""x"":""00:04:00""","y:32.58","s:""2""}","{""y"":32.02","x:""00:06:00""","s:""1""}","{""x"":""00:"
"291","2019/1/12 1:52","31.59","主城区","31.81","[{""y"":30.45","x:""00:00:00""","s:""1""}","{""x"":""00:00:00""","y:30.92","s:""2""}","{""y"":30.44","x:""00:02:00""","s:""1""}","{""x"":""00:02:00""","y:31.2","s:""2""}","{""y"":30.48","x:""00:04:00""","s:""1""}","{""x"":""00:04:00""","y:31.06","s:""2""}","{""y"":30.49","x:""00:06:00""","s:""1""}","{""x"":""00:0"
"292","2019/1/12 1:52","30.27","拱墅大队","29.02","[{""y"":29","x:""00:00:00""","s:""1""}","{""x"":""00:00:00""","y:28.99","s:""2""}","{""y"":29.07","x:""00:02:00""","s:""1""}","{""x"":""00:02:00""","y:29.35","s:""2""}","{""y"":29.12","x:""00:04:00""","s:""1""}","{""x"":""00:04:00""","y:29.07","s:""2""}","{""y"":29.09","x:""00:06:00""","s:""1""}","{""x"":""00:06:"
"293","2019/1/12 1:52","37.07","景区大队","37.74","[{""y"":35.22","x:""00:00:00""","s:""1""}","{""x"":""00:00:00""","y:38.65","s:""2""}","{""y"":35.02","x:""00:02:00""","s:""1""}","{""x"":""00:02:00""","y:40.1","s:""2""}","{""y"":34.98","x:""00:04:00""","s:""1""}","{""x"":""00:04:00""","y:40.28","s:""2""}","{""y"":34.87","x:""00:06:00""","s:""1""}","{""x"":""00:0"
"294","2019/1/12 1:52","38.72","淳安大队","39.8","[{""y"":37.38","x:""00:00:00""","s:""1""}","{""x"":""00:00:00""","y:32.32","s:""2""}","{""y"":37.27","x:""00:02:00""","s:""1""}","{""x"":""00:02:00""","y:32.13","s:""2""}","{""y"":37.44","x:""00:04:00""","s:""1""}","{""x"":""00:04:00""","y:34.13","s:""2""}","{""y"":37.63","x:""00:06:00""","s:""1""}","{""x"":""00:"
"295","2019/1/12 1:52","32.91","西湖大队","32.94","[{""y"":31.45","x:""00:00:00""","s:""1""}","{""x"":""00:00:00""","y:31.86","s:""2""}","{""y"":31.39","x:""00:02:00""","s:""1""}","{""x"":""00:02:00""","y:32.19","s:""2""}","{""y"":31.56","x:""00:04:00""","s:""1""}","{""x"":""00:04:00""","y:32.32","s:""2""}","{""y"":31.56","x:""00:06:00""","s:""1""}","{""x"":""00:"
"296","2019/1/12 1:54","29.6","上城大队","30.49","[{""y"":28.65","x:""00:00:00""","s:""1""}","{""x"":""00:00:00""","y:28.86","s:""2""}","{""y"":28.44","x:""00:02:00""","s:""1""}","{""x"":""00:02:00""","y:29.54","s:""2""}","{""y"":28.39","x:""00:04:00""","s:""1""}","{""x"":""00:04:00""","y:28.92","s:""2""}","{""y"":28.41","x:""00:06:00""","s:""1""}","{""x"":""00:"
"297","2019/1/12 1:54","29.49","下城大队","29.81","[{""y"":27.94","x:""00:00:00""","s:""1""}","{""x"":""00:00:00""","y:28.69","s:""2""}","{""y"":28.01","x:""00:02:00""","s:""1""}","{""x"":""00:02:00""","y:28.63","s:""2""}","{""y"":28","x:""00:04:00""","s:""1""}","{""x"":""00:04:00""","y:28.66","s:""2""}","{""y"":28.04","x:""00:06:00""","s:""1""}","{""x"":""00:06:"
"298","2019/1/12 1:54","32.9","下沙大队","34.46","[{""y"":31.78","x:""00:00:00""","s:""1""}","{""x"":""00:00:00""","y:33.02","s:""2""}","{""y"":31.73","x:""00:02:00""","s:""1""}","{""x"":""00:02:00""","y:33.25","s:""2""}","{""y"":31.94","x:""00:04:00""","s:""1""}","{""x"":""00:04:00""","y:32.58","s:""2""}","{""y"":32.02","x:""00:06:00""","s:""1""}","{""x"":""00:"
"299","2019/1/12 1:54","39.5","临安大队","41.99","[{""y"":43.53","x:""00:00:00""","s:""1""}","{""x"":""00:00:00""","y:37.98","s:""2""}","{""y"":42.09","x:""00:02:00""","s:""1""}","{""x"":""00:02:00""","y:43.36","s:""2""}","{""y"":41.85","x:""00:04:00""","s:""1""}","{""x"":""00:04:00""","y:42.97","s:""2""}","{""y"":41.02","x:""00:06:00""","s:""1""}","{""x"":""00:"
"3","2019/1/12 0:04","41.55","富阳大队","32.89","[{""y"":41.59","x:""00:00:00""","s:""1""}","{""x"":""00:00:00""","y:34.53","s:""2""}","{""y"":41.31","x:""00:02:00""","s:""1""}","{""x"":""00:02:00""","y:40.01","s:""2""}","{""y"":41.55","x:""00:04:00""","s:""1""}","{""x"":""00:04:00""","y:32.89","s:""2""}","{""y"":41.75","x:""00:06:00""","s:""1""}","{""y"":41.1"
"30","2019/1/12 0:08","41.18","富阳大队","39.25","[{""y"":41.59","x:""00:00:00""","s:""1""}","{""x"":""00:00:00""","y:34.53","s:""2""}","{""y"":41.31","x:""00:02:00""","s:""1""}","{""x"":""00:02:00""","y:40.01","s:""2""}","{""y"":41.55","x:""00:04:00""","s:""1""}","{""x"":""00:04:00""","y:32.89","s:""2""}","{""y"":41.75","x:""00:06:00""","s:""1""}","{""x"":""00:"
"300","2019/1/12 1:54","31.6","主城区","31.96","[{""y"":30.45","x:""00:00:00""","s:""1""}","{""x"":""00:00:00""","y:30.92","s:""2""}","{""y"":30.44","x:""00:02:00""","s:""1""}","{""x"":""00:02:00""","y:31.2","s:""2""}","{""y"":30.48","x:""00:04:00""","s:""1""}","{""x"":""00:04:00""","y:31.06","s:""2""}","{""y"":30.49","x:""00:06:00""","s:""1""}","{""x"":""00:0"
"301","2019/1/12 1:54","36.57","余杭大队","36.42","[{""y"":36.37","x:""00:00:00""","s:""1""}","{""x"":""00:00:00""","y:35.51","s:""2""}","{""y"":36.47","x:""00:02:00""","s:""1""}","{""x"":""00:02:00""","y:35.92","s:""2""}","{""y"":36.48","x:""00:04:00""","s:""1""}","{""x"":""00:04:00""","y:36.02","s:""2""}","{""y"":36.23","x:""00:06:00""","s:""1""}","{""x"":""00:"
"302","2019/1/12 1:54","47.52","大江东大队","42.31","[{""y"":47.21","x:""00:00:00""","s:""1""}","{""x"":""00:00:00""","y:46.46","s:""2""}","{""y"":47.5","x:""00:02:00""","s:""1""}","{""x"":""00:02:00""","y:47.48","s:""2""}","{""y"":47.01","x:""00:04:00""","s:""1""}","{""x"":""00:04:00""","y:47.41","s:""2""}","{""y"":46.76","x:""00:06:00""","s:""1""}","{""x"":""00:0"
"303","2019/1/12 1:54","48.35","富阳大队","40.34","[{""y"":41.59","x:""00:00:00""","s:""1""}","{""x"":""00:00:00""","y:34.53","s:""2""}","{""y"":41.31","x:""00:02:00""","s:""1""}","{""x"":""00:02:00""","y:40.01","s:""2""}","{""y"":41.55","x:""00:04:00""","s:""1""}","{""x"":""00:04:00""","y:32.89","s:""2""}","{""y"":41.75","x:""00:06:00""","s:""1""}","{""x"":""00:"
"304","2019/1/12 1:54","39.36","建德大队","37.12","[{""y"":36.11","x:""00:00:00""","s:""1""}","{""x"":""00:00:00""","y:35.36","s:""2""}","{""y"":36.25","x:""00:02:00""","s:""1""}","{""x"":""00:02:00""","y:36.38","s:""2""}","{""y"":36.37","x:""00:04:00""","s:""1""}","{""x"":""00:04:00""","y:35.85","s:""2""}","{""y"":36.09","x:""00:06:00""","s:""1""}","{""x"":""00:"
"305","2019/1/12 1:54","30.27","拱墅大队","29.54","[{""y"":29","x:""00:00:00""","s:""1""}","{""x"":""00:00:00""","y:28.99","s:""2""}","{""y"":29.07","x:""00:02:00""","s:""1""}","{""x"":""00:02:00""","y:29.35","s:""2""}","{""y"":29.12","x:""00:04:00""","s:""1""}","{""x"":""00:04:00""","y:29.07","s:""2""}","{""y"":29.09","x:""00:06:00""","s:""1""}","{""x"":""00:06:"
"306","2019/1/12 1:54","36.9","景区大队","39.36","[{""y"":35.22","x:""00:00:00""","s:""1""}","{""x"":""00:00:00""","y:38.65","s:""2""}","{""y"":35.02","x:""00:02:00""","s:""1""}","{""x"":""00:02:00""","y:40.1","s:""2""}","{""y"":34.98","x:""00:04:00""","s:""1""}","{""x"":""00:04:00""","y:40.28","s:""2""}","{""y"":34.87","x:""00:06:00""","s:""1""}","{""x"":""00:0"
"307","2019/1/12 1:54","39.7","桐庐大队","43.11","[{""y"":34.81","x:""00:00:00""","s:""1""}","{""x"":""00:00:00""","y:36.67","s:""2""}","{""y"":35.94","x:""00:02:00""","s:""1""}","{""x"":""00:02:00""","y:37.66","s:""2""}","{""y"":35.75","x:""00:04:00""","s:""1""}","{""x"":""00:04:00""","y:36.04","s:""2""}","{""y"":36.98","x:""00:06:00""","s:""1""}","{""x"":""00:"
"308","2019/1/12 1:54","32.1","江干大队","32.62","[{""y"":31.05","x:""00:00:00""","s:""1""}","{""x"":""00:00:00""","y:31.64","s:""2""}","{""y"":31.09","x:""00:02:00""","s:""1""}","{""x"":""00:02:00""","y:31.66","s:""2""}","{""y"":31.07","x:""00:04:00""","s:""1""}","{""x"":""00:04:00""","y:31.5","s:""2""}","{""y"":31.13","x:""00:06:00""","s:""1""}","{""x"":""00:0"
"309","2019/1/12 1:54","38.79","淳安大队","39.8","[{""y"":37.38","x:""00:00:00""","s:""1""}","{""x"":""00:00:00""","y:32.32","s:""2""}","{""y"":37.27","x:""00:02:00""","s:""1""}","{""x"":""00:02:00""","y:32.13","s:""2""}","{""y"":37.44","x:""00:04:00""","s:""1""}","{""x"":""00:04:00""","y:34.13","s:""2""}","{""y"":37.63","x:""00:06:00""","s:""1""}","{""x"":""00:"
"31","2019/1/12 0:08","36.77","建德大队","32.45","[{""y"":36.11","x:""00:00:00""","s:""1""}","{""x"":""00:00:00""","y:35.36","s:""2""}","{""y"":36.25","x:""00:02:00""","s:""1""}","{""x"":""00:02:00""","y:36.38","s:""2""}","{""y"":36.37","x:""00:04:00""","s:""1""}","{""x"":""00:04:00""","y:35.85","s:""2""}","{""y"":36.09","x:""00:06:00""","s:""1""}","{""x"":""00:"
"310","2019/1/12 1:54","35.51","滨江大队","35.11","[{""y"":33.38","x:""00:00:00""","s:""1""}","{""x"":""00:00:00""","y:33.22","s:""2""}","{""y"":33.38","x:""00:02:00""","s:""1""}","{""x"":""00:02:00""","y:33.44","s:""2""}","{""y"":33.42","x:""00:04:00""","s:""1""}","{""x"":""00:04:00""","y:33.42","s:""2""}","{""y"":33.33","x:""00:06:00""","s:""1""}","{""x"":""00:"
"311","2019/1/12 1:54","43.12","萧山大队","39.01","[{""y"":39.77","x:""00:00:00""","s:""1""}","{""x"":""00:00:00""","y:39.01","s:""2""}","{""y"":39.34","x:""00:02:00""","s:""1""}","{""x"":""00:02:00""","y:38.8","s:""2""}","{""y"":39.57","x:""00:04:00""","s:""1""}","{""x"":""00:04:00""","y:38.82","s:""2""}","{""y"":39.87","x:""00:06:00""","s:""1""}","{""x"":""00:0"
"312","2019/1/12 1:54","32.99","西湖大队","33.24","[{""y"":31.45","x:""00:00:00""","s:""1""}","{""x"":""00:00:00""","y:31.86","s:""2""}","{""y"":31.39","x:""00:02:00""","s:""1""}","{""x"":""00:02:00""","y:32.19","s:""2""}","{""y"":31.56","x:""00:04:00""","s:""1""}","{""x"":""00:04:00""","y:32.32","s:""2""}","{""y"":31.56","x:""00:06:00""","s:""1""}","{""x"":""00:"
"313","2019/1/12 1:56","29.78","上城大队","30.59","[{""y"":28.65","x:""00:00:00""","s:""1""}","{""x"":""00:00:00""","y:28.86","s:""2""}","{""y"":28.44","x:""00:02:00""","s:""1""}","{""x"":""00:02:00""","y:29.54","s:""2""}","{""y"":28.39","x:""00:04:00""","s:""1""}","{""x"":""00:04:00""","y:28.92","s:""2""}","{""y"":28.41","x:""00:06:00""","s:""1""}","{""x"":""00:"
"314","2019/1/12 1:56","29.46","下城大队","29.66","[{""y"":27.94","x:""00:00:00""","s:""1""}","{""x"":""00:00:00""","y:28.69","s:""2""}","{""y"":28.01","x:""00:02:00""","s:""1""}","{""x"":""00:02:00""","y:28.63","s:""2""}","{""y"":28","x:""00:04:00""","s:""1""}","{""x"":""00:04:00""","y:28.66","s:""2""}","{""y"":28.04","x:""00:06:00""","s:""1""}","{""x"":""00:06:"
"315","2019/1/12 1:56","33.32","下沙大队","33.82","[{""y"":31.78","x:""00:00:00""","s:""1""}","{""x"":""00:00:00""","y:33.02","s:""2""}","{""y"":31.73","x:""00:02:00""","s:""1""}","{""x"":""00:02:00""","y:33.25","s:""2""}","{""y"":31.94","x:""00:04:00""","s:""1""}","{""x"":""00:04:00""","y:32.58","s:""2""}","{""y"":32.02","x:""00:06:00""","s:""1""}","{""x"":""00:"
"316","2019/1/12 1:56","39.37","临安大队","41.19","[{""y"":43.53","x:""00:00:00""","s:""1""}","{""x"":""00:00:00""","y:37.98","s:""2""}","{""y"":42.09","x:""00:02:00""","s:""1""}","{""x"":""00:02:00""","y:43.36","s:""2""}","{""y"":41.85","x:""00:04:00""","s:""1""}","{""x"":""00:04:00""","y:42.97","s:""2""}","{""y"":41.02","x:""00:06:00""","s:""1""}","{""x"":""00:"
"317","2019/1/12 1:56","31.64","主城区","31.9","[{""y"":30.45","x:""00:00:00""","s:""1""}","{""x"":""00:00:00""","y:30.92","s:""2""}","{""y"":30.44","x:""00:02:00""","s:""1""}","{""x"":""00:02:00""","y:31.2","s:""2""}","{""y"":30.48","x:""00:04:00""","s:""1""}","{""x"":""00:04:00""","y:31.06","s:""2""}","{""y"":30.49","x:""00:06:00""","s:""1""}","{""x"":""00:0"
"318","2019/1/12 1:56","36.77","余杭大队","35.65","[{""y"":36.37","x:""00:00:00""","s:""1""}","{""x"":""00:00:00""","y:35.51","s:""2""}","{""y"":36.47","x:""00:02:00""","s:""1""}","{""x"":""00:02:00""","y:35.92","s:""2""}","{""y"":36.48","x:""00:04:00""","s:""1""}","{""x"":""00:04:00""","y:36.02","s:""2""}","{""y"":36.23","x:""00:06:00""","s:""1""}","{""x"":""00:"
"319","2019/1/12 1:56","48.03","大江东大队","40.98","[{""y"":47.21","x:""00:00:00""","s:""1""}","{""x"":""00:00:00""","y:46.46","s:""2""}","{""y"":47.5","x:""00:02:00""","s:""1""}","{""x"":""00:02:00""","y:47.48","s:""2""}","{""y"":47.01","x:""00:04:00""","s:""1""}","{""x"":""00:04:00""","y:47.41","s:""2""}","{""y"":46.76","x:""00:06:00""","s:""1""}","{""x"":""00:0"
"32","2019/1/12 0:08","29.15","拱墅大队","28.92","[{""y"":29","x:""00:00:00""","s:""1""}","{""x"":""00:00:00""","y:28.99","s:""2""}","{""y"":29.07","x:""00:02:00""","s:""1""}","{""x"":""00:02:00""","y:29.35","s:""2""}","{""y"":29.12","x:""00:04:00""","s:""1""}","{""x"":""00:04:00""","y:29.07","s:""2""}","{""y"":29.09","x:""00:06:00""","s:""1""}","{""x"":""00:06:"
"320","2019/1/12 1:56","47.87","富阳大队","41.24","[{""y"":41.59","x:""00:00:00""","s:""1""}","{""x"":""00:00:00""","y:34.53","s:""2""}","{""y"":41.31","x:""00:02:00""","s:""1""}","{""x"":""00:02:00""","y:40.01","s:""2""}","{""y"":41.55","x:""00:04:00""","s:""1""}","{""x"":""00:04:00""","y:32.89","s:""2""}","{""y"":41.75","x:""00:06:00""","s:""1""}","{""x"":""00:"
"321","2019/1/12 1:56","39.34","建德大队","38.58","[{""y"":36.11","x:""00:00:00""","s:""1""}","{""x"":""00:00:00""","y:35.36","s:""2""}","{""y"":36.25","x:""00:02:00""","s:""1""}","{""x"":""00:02:00""","y:36.38","s:""2""}","{""y"":36.37","x:""00:04:00""","s:""1""}","{""x"":""00:04:00""","y:35.85","s:""2""}","{""y"":36.09","x:""00:06:00""","s:""1""}","{""x"":""00:"
"322","2019/1/12 1:56","30.3","拱墅大队","29.42","[{""y"":29","x:""00:00:00""","s:""1""}","{""x"":""00:00:00""","y:28.99","s:""2""}","{""y"":29.07","x:""00:02:00""","s:""1""}","{""x"":""00:02:00""","y:29.35","s:""2""}","{""y"":29.12","x:""00:04:00""","s:""1""}","{""x"":""00:04:00""","y:29.07","s:""2""}","{""y"":29.09","x:""00:06:00""","s:""1""}","{""x"":""00:06:"
"323","2019/1/12 1:56","37.45","景区大队","39.14","[{""y"":35.22","x:""00:00:00""","s:""1""}","{""x"":""00:00:00""","y:38.65","s:""2""}","{""y"":35.02","x:""00:02:00""","s:""1""}","{""x"":""00:02:00""","y:40.1","s:""2""}","{""y"":34.98","x:""00:04:00""","s:""1""}","{""x"":""00:04:00""","y:40.28","s:""2""}","{""y"":34.87","x:""00:06:00""","s:""1""}","{""x"":""00:0"
"324","2019/1/12 1:56","38.86","桐庐大队","39.56","[{""y"":34.81","x:""00:00:00""","s:""1""}","{""x"":""00:00:00""","y:36.67","s:""2""}","{""y"":35.94","x:""00:02:00""","s:""1""}","{""x"":""00:02:00""","y:37.66","s:""2""}","{""y"":35.75","x:""00:04:00""","s:""1""}","{""x"":""00:04:00""","y:36.04","s:""2""}","{""y"":36.98","x:""00:06:00""","s:""1""}","{""x"":""00:"
"325","2019/1/12 1:56","32.24","江干大队","32.54","[{""y"":31.05","x:""00:00:00""","s:""1""}","{""x"":""00:00:00""","y:31.64","s:""2""}","{""y"":31.09","x:""00:02:00""","s:""1""}","{""x"":""00:02:00""","y:31.66","s:""2""}","{""y"":31.07","x:""00:04:00""","s:""1""}","{""x"":""00:04:00""","y:31.5","s:""2""}","{""y"":31.13","x:""00:06:00""","s:""1""}","{""x"":""00:0"
"326","2019/1/12 1:56","38.89","淳安大队","39.8","[{""y"":37.38","x:""00:00:00""","s:""1""}","{""x"":""00:00:00""","y:32.32","s:""2""}","{""y"":37.27","x:""00:02:00""","s:""1""}","{""x"":""00:02:00""","y:32.13","s:""2""}","{""y"":37.44","x:""00:04:00""","s:""1""}","{""x"":""00:04:00""","y:34.13","s:""2""}","{""y"":37.63","x:""00:06:00""","s:""1""}","{""x"":""00:"
"327","2019/1/12 1:56","35.48","滨江大队","35.21","[{""y"":33.38","x:""00:00:00""","s:""1""}","{""x"":""00:00:00""","y:33.22","s:""2""}","{""y"":33.38","x:""00:02:00""","s:""1""}","{""x"":""00:02:00""","y:33.44","s:""2""}","{""y"":33.42","x:""00:04:00""","s:""1""}","{""x"":""00:04:00""","y:33.42","s:""2""}","{""y"":33.33","x:""00:06:00""","s:""1""}","{""x"":""00:"
"328","2019/1/12 1:56","42.77","萧山大队","38.03","[{""y"":39.77","x:""00:00:00""","s:""1""}","{""x"":""00:00:00""","y:39.01","s:""2""}","{""y"":39.34","x:""00:02:00""","s:""1""}","{""x"":""00:02:00""","y:38.8","s:""2""}","{""y"":39.57","x:""00:04:00""","s:""1""}","{""x"":""00:04:00""","y:38.82","s:""2""}","{""y"":39.87","x:""00:06:00""","s:""1""}","{""x"":""00:0"
"329","2019/1/12 1:56","32.97","西湖大队","33.14","[{""y"":31.45","x:""00:00:00""","s:""1""}","{""x"":""00:00:00""","y:31.86","s:""2""}","{""y"":31.39","x:""00:02:00""","s:""1""}","{""x"":""00:02:00""","y:32.19","s:""2""}","{""y"":31.56","x:""00:04:00""","s:""1""}","{""x"":""00:04:00""","y:32.32","s:""2""}","{""y"":31.56","x:""00:06:00""","s:""1""}","{""x"":""00:"
"33","2019/1/12 0:08","34.84","景区大队","40.52","[{""y"":35.22","x:""00:00:00""","s:""1""}","{""x"":""00:00:00""","y:38.65","s:""2""}","{""y"":35.02","x:""00:02:00""","s:""1""}","{""x"":""00:02:00""","y:40.1","s:""2""}","{""y"":34.98","x:""00:04:00""","s:""1""}","{""x"":""00:04:00""","y:40.28","s:""2""}","{""y"":34.87","x:""00:06:00""","s:""1""}","{""x"":""00:0"
"330","2019/1/12 1:58","29.51","下城大队","30.11","[{""y"":27.94","x:""00:00:00""","s:""1""}","{""x"":""00:00:00""","y:28.69","s:""2""}","{""y"":28.01","x:""00:02:00""","s:""1""}","{""x"":""00:02:00""","y:28.63","s:""2""}","{""y"":28","x:""00:04:00""","s:""1""}","{""x"":""00:04:00""","y:28.66","s:""2""}","{""y"":28.04","x:""00:06:00""","s:""1""}","{""x"":""00:06:"
"331","2019/1/12 1:58","37.59","临安大队","37.8","[{""y"":43.53","x:""00:00:00""","s:""1""}","{""x"":""00:00:00""","y:37.98","s:""2""}","{""y"":42.09","x:""00:02:00""","s:""1""}","{""x"":""00:02:00""","y:43.36","s:""2""}","{""y"":41.85","x:""00:04:00""","s:""1""}","{""x"":""00:04:00""","y:42.97","s:""2""}","{""y"":41.02","x:""00:06:00""","s:""1""}","{""x"":""00:"
"332","2019/1/12 1:58","36.87","余杭大队","35.89","[{""y"":36.37","x:""00:00:00""","s:""1""}","{""x"":""00:00:00""","y:35.51","s:""2""}","{""y"":36.47","x:""00:02:00""","s:""1""}","{""x"":""00:02:00""","y:35.92","s:""2""}","{""y"":36.48","x:""00:04:00""","s:""1""}","{""x"":""00:04:00""","y:36.02","s:""2""}","{""y"":36.23","x:""00:06:00""","s:""1""}","{""x"":""00:"
"333","2019/1/12 1:58","47.12","大江东大队","40.72","[{""y"":47.21","x:""00:00:00""","s:""1""}","{""x"":""00:00:00""","y:46.46","s:""2""}","{""y"":47.5","x:""00:02:00""","s:""1""}","{""x"":""00:02:00""","y:47.48","s:""2""}","{""y"":47.01","x:""00:04:00""","s:""1""}","{""x"":""00:04:00""","y:47.41","s:""2""}","{""y"":46.76","x:""00:06:00""","s:""1""}","{""x"":""00:0"
"334","2019/1/12 1:58","39.56","建德大队","40.64","[{""y"":36.11","x:""00:00:00""","s:""1""}","{""x"":""00:00:00""","y:35.36","s:""2""}","{""y"":36.25","x:""00:02:00""","s:""1""}","{""x"":""00:02:00""","y:36.38","s:""2""}","{""y"":36.37","x:""00:04:00""","s:""1""}","{""x"":""00:04:00""","y:35.85","s:""2""}","{""y"":36.09","x:""00:06:00""","s:""1""}","{""x"":""00:"
"335","2019/1/12 1:58","32.24","江干大队","32.57","[{""y"":31.05","x:""00:00:00""","s:""1""}","{""x"":""00:00:00""","y:31.64","s:""2""}","{""y"":31.09","x:""00:02:00""","s:""1""}","{""x"":""00:02:00""","y:31.66","s:""2""}","{""y"":31.07","x:""00:04:00""","s:""1""}","{""x"":""00:04:00""","y:31.5","s:""2""}","{""y"":31.13","x:""00:06:00""","s:""1""}","{""x"":""00:0"
"336","2019/1/12 1:58","39.17","淳安大队","39.8","[{""y"":37.38","x:""00:00:00""","s:""1""}","{""x"":""00:00:00""","y:32.32","s:""2""}","{""y"":37.27","x:""00:02:00""","s:""1""}","{""x"":""00:02:00""","y:32.13","s:""2""}","{""y"":37.44","x:""00:04:00""","s:""1""}","{""x"":""00:04:00""","y:34.13","s:""2""}","{""y"":37.63","x:""00:06:00""","s:""1""}","{""x"":""00:"
"337","2019/1/12 2:00","29.8","上城大队","30.95","[{""y"":28.65","x:""00:00:00""","s:""1""}","{""x"":""00:00:00""","y:28.86","s:""2""}","{""y"":28.44","x:""00:02:00""","s:""1""}","{""x"":""00:02:00""","y:29.54","s:""2""}","{""y"":28.39","x:""00:04:00""","s:""1""}","{""x"":""00:04:00""","y:28.92","s:""2""}","{""y"":28.41","x:""00:06:00""","s:""1""}","{""x"":""00:"
"338","2019/1/12 2:00","29.59","下城大队","30.18","[{""y"":27.94","x:""00:00:00""","s:""1""}","{""x"":""00:00:00""","y:28.69","s:""2""}","{""y"":28.01","x:""00:02:00""","s:""1""}","{""x"":""00:02:00""","y:28.63","s:""2""}","{""y"":28","x:""00:04:00""","s:""1""}","{""x"":""00:04:00""","y:28.66","s:""2""}","{""y"":28.04","x:""00:06:00""","s:""1""}","{""x"":""00:06:"
"339","2019/1/12 2:00","32.49","下沙大队","33.69","[{""y"":31.78","x:""00:00:00""","s:""1""}","{""x"":""00:00:00""","y:33.02","s:""2""}","{""y"":31.73","x:""00:02:00""","s:""1""}","{""x"":""00:02:00""","y:33.25","s:""2""}","{""y"":31.94","x:""00:04:00""","s:""1""}","{""x"":""00:04:00""","y:32.58","s:""2""}","{""y"":32.02","x:""00:06:00""","s:""1""}","{""x"":""00:"
"34","2019/1/12 0:08","35.96","桐庐大队","32.44","[{""y"":34.81","x:""00:00:00""","s:""1""}","{""x"":""00:00:00""","y:36.67","s:""2""}","{""y"":35.94","x:""00:02:00""","s:""1""}","{""x"":""00:02:00""","y:37.66","s:""2""}","{""y"":35.75","x:""00:04:00""","s:""1""}","{""x"":""00:04:00""","y:36.04","s:""2""}","{""y"":36.98","x:""00:06:00""","s:""1""}","{""x"":""00:"
"340","2019/1/12 2:00","36.08","临安大队","38.76","[{""y"":43.53","x:""00:00:00""","s:""1""}","{""x"":""00:00:00""","y:37.98","s:""2""}","{""y"":42.09","x:""00:02:00""","s:""1""}","{""x"":""00:02:00""","y:43.36","s:""2""}","{""y"":41.85","x:""00:04:00""","s:""1""}","{""x"":""00:04:00""","y:42.97","s:""2""}","{""y"":41.02","x:""00:06:00""","s:""1""}","{""x"":""00:"
"341","2019/1/12 2:00","31.69","主城区","32.19","[{""y"":30.45","x:""00:00:00""","s:""1""}","{""x"":""00:00:00""","y:30.92","s:""2""}","{""y"":30.44","x:""00:02:00""","s:""1""}","{""x"":""00:02:00""","y:31.2","s:""2""}","{""y"":30.48","x:""00:04:00""","s:""1""}","{""x"":""00:04:00""","y:31.06","s:""2""}","{""y"":30.49","x:""00:06:00""","s:""1""}","{""x"":""00:0"
"342","2019/1/12 2:00","36.95","余杭大队","35.63","[{""y"":36.37","x:""00:00:00""","s:""1""}","{""x"":""00:00:00""","y:35.51","s:""2""}","{""y"":36.47","x:""00:02:00""","s:""1""}","{""x"":""00:02:00""","y:35.92","s:""2""}","{""y"":36.48","x:""00:04:00""","s:""1""}","{""x"":""00:04:00""","y:36.02","s:""2""}","{""y"":36.23","x:""00:06:00""","s:""1""}","{""x"":""00:"
"343","2019/1/12 2:00","47.51","大江东大队","42.08","[{""y"":47.21","x:""00:00:00""","s:""1""}","{""x"":""00:00:00""","y:46.46","s:""2""}","{""y"":47.5","x:""00:02:00""","s:""1""}","{""x"":""00:02:00""","y:47.48","s:""2""}","{""y"":47.01","x:""00:04:00""","s:""1""}","{""x"":""00:04:00""","y:47.41","s:""2""}","{""y"":46.76","x:""00:06:00""","s:""1""}","{""x"":""00:0"
"344","2019/1/12 2:00","46.04","富阳大队","43.34","[{""y"":41.59","x:""00:00:00""","s:""1""}","{""x"":""00:00:00""","y:34.53","s:""2""}","{""y"":41.31","x:""00:02:00""","s:""1""}","{""x"":""00:02:00""","y:40.01","s:""2""}","{""y"":41.55","x:""00:04:00""","s:""1""}","{""x"":""00:04:00""","y:32.89","s:""2""}","{""y"":41.75","x:""00:06:00""","s:""1""}","{""x"":""00:"
"345","2019/1/12 2:00","38.94","建德大队","38.4","[{""y"":36.11","x:""00:00:00""","s:""1""}","{""x"":""00:00:00""","y:35.36","s:""2""}","{""y"":36.25","x:""00:02:00""","s:""1""}","{""x"":""00:02:00""","y:36.38","s:""2""}","{""y"":36.37","x:""00:04:00""","s:""1""}","{""x"":""00:04:00""","y:35.85","s:""2""}","{""y"":36.09","x:""00:06:00""","s:""1""}","{""x"":""00:"
"346","2019/1/12 2:00","30.46","拱墅大队","29.83","[{""y"":29","x:""00:00:00""","s:""1""}","{""x"":""00:00:00""","y:28.99","s:""2""}","{""y"":29.07","x:""00:02:00""","s:""1""}","{""x"":""00:02:00""","y:29.35","s:""2""}","{""y"":29.12","x:""00:04:00""","s:""1""}","{""x"":""00:04:00""","y:29.07","s:""2""}","{""y"":29.09","x:""00:06:00""","s:""1""}","{""x"":""00:06:"
"347","2019/1/12 2:00","37.49","景区大队","38.87","[{""y"":35.22","x:""00:00:00""","s:""1""}","{""x"":""00:00:00""","y:38.65","s:""2""}","{""y"":35.02","x:""00:02:00""","s:""1""}","{""x"":""00:02:00""","y:40.1","s:""2""}","{""y"":34.98","x:""00:04:00""","s:""1""}","{""x"":""00:04:00""","y:40.28","s:""2""}","{""y"":34.87","x:""00:06:00""","s:""1""}","{""x"":""00:0"
"348","2019/1/12 2:00","38.89","桐庐大队","37.18","[{""y"":34.81","x:""00:00:00""","s:""1""}","{""x"":""00:00:00""","y:36.67","s:""2""}","{""y"":35.94","x:""00:02:00""","s:""1""}","{""x"":""00:02:00""","y:37.66","s:""2""}","{""y"":35.75","x:""00:04:00""","s:""1""}","{""x"":""00:04:00""","y:36.04","s:""2""}","{""y"":36.98","x:""00:06:00""","s:""1""}","{""x"":""00:"
"349","2019/1/12 2:00","32.2","江干大队","32.64","[{""y"":31.05","x:""00:00:00""","s:""1""}","{""x"":""00:00:00""","y:31.64","s:""2""}","{""y"":31.09","x:""00:02:00""","s:""1""}","{""x"":""00:02:00""","y:31.66","s:""2""}","{""y"":31.07","x:""00:04:00""","s:""1""}","{""x"":""00:04:00""","y:31.5","s:""2""}","{""y"":31.13","x:""00:06:00""","s:""1""}","{""x"":""00:0"
"35","2019/1/12 0:08","31.15","江干大队","31.36","[{""y"":31.05","x:""00:00:00""","s:""1""}","{""x"":""00:00:00""","y:31.64","s:""2""}","{""y"":31.09","x:""00:02:00""","s:""1""}","{""x"":""00:02:00""","y:31.66","s:""2""}","{""y"":31.07","x:""00:04:00""","s:""1""}","{""x"":""00:04:00""","y:31.5","s:""2""}","{""y"":31.13","x:""00:06:00""","s:""1""}","{""x"":""00:0"
"350","2019/1/12 2:00","39.02","淳安大队","40","[{""y"":37.38","x:""00:00:00""","s:""1""}","{""x"":""00:00:00""","y:32.32","s:""2""}","{""y"":37.27","x:""00:02:00""","s:""1""}","{""x"":""00:02:00""","y:32.13","s:""2""}","{""y"":37.44","x:""00:04:00""","s:""1""}","{""x"":""00:04:00""","y:34.13","s:""2""}","{""y"":37.63","x:""00:06:00""","s:""1""}","{""x"":""00:"
"351","2019/1/12 2:00","35.48","滨江大队","35.01","[{""y"":33.38","x:""00:00:00""","s:""1""}","{""x"":""00:00:00""","y:33.22","s:""2""}","{""y"":33.38","x:""00:02:00""","s:""1""}","{""x"":""00:02:00""","y:33.44","s:""2""}","{""y"":33.42","x:""00:04:00""","s:""1""}","{""x"":""00:04:00""","y:33.42","s:""2""}","{""y"":33.33","x:""00:06:00""","s:""1""}","{""x"":""00:"
"352","2019/1/12 2:00","42.45","萧山大队","36.53","[{""y"":39.77","x:""00:00:00""","s:""1""}","{""x"":""00:00:00""","y:39.01","s:""2""}","{""y"":39.34","x:""00:02:00""","s:""1""}","{""x"":""00:02:00""","y:38.8","s:""2""}","{""y"":39.57","x:""00:04:00""","s:""1""}","{""x"":""00:04:00""","y:38.82","s:""2""}","{""y"":39.87","x:""00:06:00""","s:""1""}","{""x"":""00:0"
"353","2019/1/12 2:00","33.09","西湖大队","33.92","[{""y"":31.45","x:""00:00:00""","s:""1""}","{""x"":""00:00:00""","y:31.86","s:""2""}","{""y"":31.39","x:""00:02:00""","s:""1""}","{""x"":""00:02:00""","y:32.19","s:""2""}","{""y"":31.56","x:""00:04:00""","s:""1""}","{""x"":""00:04:00""","y:32.32","s:""2""}","{""y"":31.56","x:""00:06:00""","s:""1""}","{""x"":""00:"
"354","2019/1/12 2:02","29.7","上城大队","30.64","[{""y"":28.65","x:""00:00:00""","s:""1""}","{""x"":""00:00:00""","y:28.86","s:""2""}","{""y"":28.44","x:""00:02:00""","s:""1""}","{""x"":""00:02:00""","y:29.54","s:""2""}","{""y"":28.39","x:""00:04:00""","s:""1""}","{""x"":""00:04:00""","y:28.92","s:""2""}","{""y"":28.41","x:""00:06:00""","s:""1""}","{""x"":""00:"
"355","2019/1/12 2:02","29.65","下城大队","30.07","[{""y"":27.94","x:""00:00:00""","s:""1""}","{""x"":""00:00:00""","y:28.69","s:""2""}","{""y"":28.01","x:""00:02:00""","s:""1""}","{""x"":""00:02:00""","y:28.63","s:""2""}","{""y"":28","x:""00:04:00""","s:""1""}","{""x"":""00:04:00""","y:28.66","s:""2""}","{""y"":28.04","x:""00:06:00""","s:""1""}","{""x"":""00:06:"
"356","2019/1/12 2:02","32.67","下沙大队","33.88","[{""y"":31.78","x:""00:00:00""","s:""1""}","{""x"":""00:00:00""","y:33.02","s:""2""}","{""y"":31.73","x:""00:02:00""","s:""1""}","{""x"":""00:02:00""","y:33.25","s:""2""}","{""y"":31.94","x:""00:04:00""","s:""1""}","{""x"":""00:04:00""","y:32.58","s:""2""}","{""y"":32.02","x:""00:06:00""","s:""1""}","{""x"":""00:"
"357","2019/1/12 2:02","35.16","临安大队","39.22","[{""y"":43.53","x:""00:00:00""","s:""1""}","{""x"":""00:00:00""","y:37.98","s:""2""}","{""y"":42.09","x:""00:02:00""","s:""1""}","{""x"":""00:02:00""","y:43.36","s:""2""}","{""y"":41.85","x:""00:04:00""","s:""1""}","{""x"":""00:04:00""","y:42.97","s:""2""}","{""y"":41.02","x:""00:06:00""","s:""1""}","{""x"":""00:"
"358","2019/1/12 2:02","31.67","主城区","32.3","[{""y"":30.45","x:""00:00:00""","s:""1""}","{""x"":""00:00:00""","y:30.92","s:""2""}","{""y"":30.44","x:""00:02:00""","s:""1""}","{""x"":""00:02:00""","y:31.2","s:""2""}","{""y"":30.48","x:""00:04:00""","s:""1""}","{""x"":""00:04:00""","y:31.06","s:""2""}","{""y"":30.49","x:""00:06:00""","s:""1""}","{""x"":""00:0"
"359","2019/1/12 2:02","36.75","余杭大队","35.92","[{""y"":36.37","x:""00:00:00""","s:""1""}","{""x"":""00:00:00""","y:35.51","s:""2""}","{""y"":36.47","x:""00:02:00""","s:""1""}","{""x"":""00:02:00""","y:35.92","s:""2""}","{""y"":36.48","x:""00:04:00""","s:""1""}","{""x"":""00:04:00""","y:36.02","s:""2""}","{""y"":36.23","x:""00:06:00""","s:""1""}","{""x"":""00:"
"36","2019/1/12 0:08","37.84","淳安大队","33.59","[{""y"":37.38","x:""00:00:00""","s:""1""}","{""x"":""00:00:00""","y:32.32","s:""2""}","{""y"":37.27","x:""00:02:00""","s:""1""}","{""x"":""00:02:00""","y:32.13","s:""2""}","{""y"":37.44","x:""00:04:00""","s:""1""}","{""x"":""00:04:00""","y:34.13","s:""2""}","{""y"":37.63","x:""00:06:00""","s:""1""}","{""x"":""00:"
"360","2019/1/12 2:02","47.54","大江东大队","45.06","[{""y"":47.21","x:""00:00:00""","s:""1""}","{""x"":""00:00:00""","y:46.46","s:""2""}","{""y"":47.5","x:""00:02:00""","s:""1""}","{""x"":""00:02:00""","y:47.48","s:""2""}","{""y"":47.01","x:""00:04:00""","s:""1""}","{""x"":""00:04:00""","y:47.41","s:""2""}","{""y"":46.76","x:""00:06:00""","s:""1""}","{""x"":""00:0"
"361","2019/1/12 2:02","45.11","富阳大队","45.78","[{""y"":41.59","x:""00:00:00""","s:""1""}","{""x"":""00:00:00""","y:34.53","s:""2""}","{""y"":41.31","x:""00:02:00""","s:""1""}","{""x"":""00:02:00""","y:40.01","s:""2""}","{""y"":41.55","x:""00:04:00""","s:""1""}","{""x"":""00:04:00""","y:32.89","s:""2""}","{""y"":41.75","x:""00:06:00""","s:""1""}","{""x"":""00:"
"362","2019/1/12 2:02","38.9","建德大队","38.57","[{""y"":36.11","x:""00:00:00""","s:""1""}","{""x"":""00:00:00""","y:35.36","s:""2""}","{""y"":36.25","x:""00:02:00""","s:""1""}","{""x"":""00:02:00""","y:36.38","s:""2""}","{""y"":36.37","x:""00:04:00""","s:""1""}","{""x"":""00:04:00""","y:35.85","s:""2""}","{""y"":36.09","x:""00:06:00""","s:""1""}","{""x"":""00:"
"363","2019/1/12 2:02","30.58","拱墅大队","29.76","[{""y"":29","x:""00:00:00""","s:""1""}","{""x"":""00:00:00""","y:28.99","s:""2""}","{""y"":29.07","x:""00:02:00""","s:""1""}","{""x"":""00:02:00""","y:29.35","s:""2""}","{""y"":29.12","x:""00:04:00""","s:""1""}","{""x"":""00:04:00""","y:29.07","s:""2""}","{""y"":29.09","x:""00:06:00""","s:""1""}","{""x"":""00:06:"
"364","2019/1/12 2:02","37.07","景区大队","40.33","[{""y"":35.22","x:""00:00:00""","s:""1""}","{""x"":""00:00:00""","y:38.65","s:""2""}","{""y"":35.02","x:""00:02:00""","s:""1""}","{""x"":""00:02:00""","y:40.1","s:""2""}","{""y"":34.98","x:""00:04:00""","s:""1""}","{""x"":""00:04:00""","y:40.28","s:""2""}","{""y"":34.87","x:""00:06:00""","s:""1""}","{""x"":""00:0"
"365","2019/1/12 2:02","39.2","桐庐大队","36.82","[{""y"":34.81","x:""00:00:00""","s:""1""}","{""x"":""00:00:00""","y:36.67","s:""2""}","{""y"":35.94","x:""00:02:00""","s:""1""}","{""x"":""00:02:00""","y:37.66","s:""2""}","{""y"":35.75","x:""00:04:00""","s:""1""}","{""x"":""00:04:00""","y:36.04","s:""2""}","{""y"":36.98","x:""00:06:00""","s:""1""}","{""x"":""00:"
"366","2019/1/12 2:02","32.2","江干大队","32.95","[{""y"":31.05","x:""00:00:00""","s:""1""}","{""x"":""00:00:00""","y:31.64","s:""2""}","{""y"":31.09","x:""00:02:00""","s:""1""}","{""x"":""00:02:00""","y:31.66","s:""2""}","{""y"":31.07","x:""00:04:00""","s:""1""}","{""x"":""00:04:00""","y:31.5","s:""2""}","{""y"":31.13","x:""00:06:00""","s:""1""}","{""x"":""00:0"
"367","2019/1/12 2:02","39.18","淳安大队","40","[{""y"":37.38","x:""00:00:00""","s:""1""}","{""x"":""00:00:00""","y:32.32","s:""2""}","{""y"":37.27","x:""00:02:00""","s:""1""}","{""x"":""00:02:00""","y:32.13","s:""2""}","{""y"":37.44","x:""00:04:00""","s:""1""}","{""x"":""00:04:00""","y:34.13","s:""2""}","{""y"":37.63","x:""00:06:00""","s:""1""}","{""x"":""00:"
"368","2019/1/12 2:02","35.49","滨江大队","35.14","[{""y"":33.38","x:""00:00:00""","s:""1""}","{""x"":""00:00:00""","y:33.22","s:""2""}","{""y"":33.38","x:""00:02:00""","s:""1""}","{""x"":""00:02:00""","y:33.44","s:""2""}","{""y"":33.42","x:""00:04:00""","s:""1""}","{""x"":""00:04:00""","y:33.42","s:""2""}","{""y"":33.33","x:""00:06:00""","s:""1""}","{""x"":""00:"
"369","2019/1/12 2:02","42.32","萧山大队","36.46","[{""y"":39.77","x:""00:00:00""","s:""1""}","{""x"":""00:00:00""","y:39.01","s:""2""}","{""y"":39.34","x:""00:02:00""","s:""1""}","{""x"":""00:02:00""","y:38.8","s:""2""}","{""y"":39.57","x:""00:04:00""","s:""1""}","{""x"":""00:04:00""","y:38.82","s:""2""}","{""y"":39.87","x:""00:06:00""","s:""1""}","{""x"":""00:0"
"37","2019/1/12 0:08","33.26","滨江大队","32.54","[{""y"":33.38","x:""00:00:00""","s:""1""}","{""x"":""00:00:00""","y:33.22","s:""2""}","{""y"":33.38","x:""00:02:00""","s:""1""}","{""x"":""00:02:00""","y:33.44","s:""2""}","{""y"":33.42","x:""00:04:00""","s:""1""}","{""x"":""00:04:00""","y:33.42","s:""2""}","{""y"":33.33","x:""00:06:00""","s:""1""}","{""x"":""00:"
"370","2019/1/12 2:02","32.94","西湖大队","34.34","[{""y"":31.45","x:""00:00:00""","s:""1""}","{""x"":""00:00:00""","y:31.86","s:""2""}","{""y"":31.39","x:""00:02:00""","s:""1""}","{""x"":""00:02:00""","y:32.19","s:""2""}","{""y"":31.56","x:""00:04:00""","s:""1""}","{""x"":""00:04:00""","y:32.32","s:""2""}","{""y"":31.56","x:""00:06:00""","s:""1""}","{""x"":""00:"
"371","2019/1/12 2:04","35.03","临安大队","39.26","[{""y"":43.53","x:""00:00:00""","s:""1""}","{""x"":""00:00:00""","y:37.98","s:""2""}","{""y"":42.09","x:""00:02:00""","s:""1""}","{""x"":""00:02:00""","y:43.36","s:""2""}","{""y"":41.85","x:""00:04:00""","s:""1""}","{""x"":""00:04:00""","y:42.97","s:""2""}","{""y"":41.02","x:""00:06:00""","s:""1""}","{""x"":""00:"
"372","2019/1/12 2:04","30.56","拱墅大队","30.17","[{""y"":29","x:""00:00:00""","s:""1""}","{""x"":""00:00:00""","y:28.99","s:""2""}","{""y"":29.07","x:""00:02:00""","s:""1""}","{""x"":""00:02:00""","y:29.35","s:""2""}","{""y"":29.12","x:""00:04:00""","s:""1""}","{""x"":""00:04:00""","y:29.07","s:""2""}","{""y"":29.09","x:""00:06:00""","s:""1""}","{""x"":""00:06:"
"373","2019/1/12 2:06","29.79","上城大队","30.49","[{""y"":28.65","x:""00:00:00""","s:""1""}","{""x"":""00:00:00""","y:28.86","s:""2""}","{""y"":28.44","x:""00:02:00""","s:""1""}","{""x"":""00:02:00""","y:29.54","s:""2""}","{""y"":28.39","x:""00:04:00""","s:""1""}","{""x"":""00:04:00""","y:28.92","s:""2""}","{""y"":28.41","x:""00:06:00""","s:""1""}","{""x"":""00:"
"374","2019/1/12 2:06","29.71","下城大队","30.38","[{""y"":27.94","x:""00:00:00""","s:""1""}","{""x"":""00:00:00""","y:28.69","s:""2""}","{""y"":28.01","x:""00:02:00""","s:""1""}","{""x"":""00:02:00""","y:28.63","s:""2""}","{""y"":28","x:""00:04:00""","s:""1""}","{""x"":""00:04:00""","y:28.66","s:""2""}","{""y"":28.04","x:""00:06:00""","s:""1""}","{""x"":""00:06:"
"375","2019/1/12 2:06","33.19","下沙大队","33.5","[{""y"":31.78","x:""00:00:00""","s:""1""}","{""x"":""00:00:00""","y:33.02","s:""2""}","{""y"":31.73","x:""00:02:00""","s:""1""}","{""x"":""00:02:00""","y:33.25","s:""2""}","{""y"":31.94","x:""00:04:00""","s:""1""}","{""x"":""00:04:00""","y:32.58","s:""2""}","{""y"":32.02","x:""00:06:00""","s:""1""}","{""x"":""00:"
"376","2019/1/12 2:06","36.25","临安大队","41.59","[{""y"":43.53","x:""00:00:00""","s:""1""}","{""x"":""00:00:00""","y:37.98","s:""2""}","{""y"":42.09","x:""00:02:00""","s:""1""}","{""x"":""00:02:00""","y:43.36","s:""2""}","{""y"":41.85","x:""00:04:00""","s:""1""}","{""x"":""00:04:00""","y:42.97","s:""2""}","{""y"":41.02","x:""00:06:00""","s:""1""}","{""x"":""00:"
"377","2019/1/12 2:06","31.76","主城区","32.34","[{""y"":30.45","x:""00:00:00""","s:""1""}","{""x"":""00:00:00""","y:30.92","s:""2""}","{""y"":30.44","x:""00:02:00""","s:""1""}","{""x"":""00:02:00""","y:31.2","s:""2""}","{""y"":30.48","x:""00:04:00""","s:""1""}","{""x"":""00:04:00""","y:31.06","s:""2""}","{""y"":30.49","x:""00:06:00""","s:""1""}","{""x"":""00:0"
"378","2019/1/12 2:06","36.59","余杭大队","35.77","[{""y"":36.37","x:""00:00:00""","s:""1""}","{""x"":""00:00:00""","y:35.51","s:""2""}","{""y"":36.47","x:""00:02:00""","s:""1""}","{""x"":""00:02:00""","y:35.92","s:""2""}","{""y"":36.48","x:""00:04:00""","s:""1""}","{""x"":""00:04:00""","y:36.02","s:""2""}","{""y"":36.23","x:""00:06:00""","s:""1""}","{""x"":""00:"
"379","2019/1/12 2:06","47.44","大江东大队","42.09","[{""y"":47.21","x:""00:00:00""","s:""1""}","{""x"":""00:00:00""","y:46.46","s:""2""}","{""y"":47.5","x:""00:02:00""","s:""1""}","{""x"":""00:02:00""","y:47.48","s:""2""}","{""y"":47.01","x:""00:04:00""","s:""1""}","{""x"":""00:04:00""","y:47.41","s:""2""}","{""y"":46.76","x:""00:06:00""","s:""1""}","{""x"":""00:0"
"38","2019/1/12 0:08","39.94","萧山大队","37.49","[{""y"":39.77","x:""00:00:00""","s:""1""}","{""x"":""00:00:00""","y:39.01","s:""2""}","{""y"":39.34","x:""00:02:00""","s:""1""}","{""x"":""00:02:00""","y:38.8","s:""2""}","{""y"":39.57","x:""00:04:00""","s:""1""}","{""x"":""00:04:00""","y:38.82","s:""2""}","{""y"":39.87","x:""00:06:00""","s:""1""}","{""x"":""00:0"
"380","2019/1/12 2:06","44.53","富阳大队","37.42","[{""y"":41.59","x:""00:00:00""","s:""1""}","{""x"":""00:00:00""","y:34.53","s:""2""}","{""y"":41.31","x:""00:02:00""","s:""1""}","{""x"":""00:02:00""","y:40.01","s:""2""}","{""y"":41.55","x:""00:04:00""","s:""1""}","{""x"":""00:04:00""","y:32.89","s:""2""}","{""y"":41.75","x:""00:06:00""","s:""1""}","{""x"":""00:"
"381","2019/1/12 2:06","38.63","建德大队","38.67","[{""y"":36.11","x:""00:00:00""","s:""1""}","{""x"":""00:00:00""","y:35.36","s:""2""}","{""y"":36.25","x:""00:02:00""","s:""1""}","{""x"":""00:02:00""","y:36.38","s:""2""}","{""y"":36.37","x:""00:04:00""","s:""1""}","{""x"":""00:04:00""","y:35.85","s:""2""}","{""y"":36.09","x:""00:06:00""","s:""1""}","{""x"":""00:"
"382","2019/1/12 2:06","30.58","拱墅大队","30.71","[{""y"":29","x:""00:00:00""","s:""1""}","{""x"":""00:00:00""","y:28.99","s:""2""}","{""y"":29.07","x:""00:02:00""","s:""1""}","{""x"":""00:02:00""","y:29.35","s:""2""}","{""y"":29.12","x:""00:04:00""","s:""1""}","{""x"":""00:04:00""","y:29.07","s:""2""}","{""y"":29.09","x:""00:06:00""","s:""1""}","{""x"":""00:06:"
"383","2019/1/12 2:06","37.23","景区大队","39.76","[{""y"":35.22","x:""00:00:00""","s:""1""}","{""x"":""00:00:00""","y:38.65","s:""2""}","{""y"":35.02","x:""00:02:00""","s:""1""}","{""x"":""00:02:00""","y:40.1","s:""2""}","{""y"":34.98","x:""00:04:00""","s:""1""}","{""x"":""00:04:00""","y:40.28","s:""2""}","{""y"":34.87","x:""00:06:00""","s:""1""}","{""x"":""00:0"
"384","2019/1/12 2:06","39.02","桐庐大队","36.68","[{""y"":34.81","x:""00:00:00""","s:""1""}","{""x"":""00:00:00""","y:36.67","s:""2""}","{""y"":35.94","x:""00:02:00""","s:""1""}","{""x"":""00:02:00""","y:37.66","s:""2""}","{""y"":35.75","x:""00:04:00""","s:""1""}","{""x"":""00:04:00""","y:36.04","s:""2""}","{""y"":36.98","x:""00:06:00""","s:""1""}","{""x"":""00:"
"385","2019/1/12 2:06","32.38","江干大队","33.41","[{""y"":31.05","x:""00:00:00""","s:""1""}","{""x"":""00:00:00""","y:31.64","s:""2""}","{""y"":31.09","x:""00:02:00""","s:""1""}","{""x"":""00:02:00""","y:31.66","s:""2""}","{""y"":31.07","x:""00:04:00""","s:""1""}","{""x"":""00:04:00""","y:31.5","s:""2""}","{""y"":31.13","x:""00:06:00""","s:""1""}","{""x"":""00:0"
"386","2019/1/12 2:06","39.68","淳安大队","38.57","[{""y"":37.38","x:""00:00:00""","s:""1""}","{""x"":""00:00:00""","y:32.32","s:""2""}","{""y"":37.27","x:""00:02:00""","s:""1""}","{""x"":""00:02:00""","y:32.13","s:""2""}","{""y"":37.44","x:""00:04:00""","s:""1""}","{""x"":""00:04:00""","y:34.13","s:""2""}","{""y"":37.63","x:""00:06:00""","s:""1""}","{""x"":""00:"
"387","2019/1/12 2:06","35.58","滨江大队","34.64","[{""y"":33.38","x:""00:00:00""","s:""1""}","{""x"":""00:00:00""","y:33.22","s:""2""}","{""y"":33.38","x:""00:02:00""","s:""1""}","{""x"":""00:02:00""","y:33.44","s:""2""}","{""y"":33.42","x:""00:04:00""","s:""1""}","{""x"":""00:04:00""","y:33.42","s:""2""}","{""y"":33.33","x:""00:06:00""","s:""1""}","{""x"":""00:"
"388","2019/1/12 2:06","42.59","萧山大队","37.34","[{""y"":39.77","x:""00:00:00""","s:""1""}","{""x"":""00:00:00""","y:39.01","s:""2""}","{""y"":39.34","x:""00:02:00""","s:""1""}","{""x"":""00:02:00""","y:38.8","s:""2""}","{""y"":39.57","x:""00:04:00""","s:""1""}","{""x"":""00:04:00""","y:38.82","s:""2""}","{""y"":39.87","x:""00:06:00""","s:""1""}","{""x"":""00:0"
"389","2019/1/12 2:06","33.07","西湖大队","33.88","[{""y"":31.45","x:""00:00:00""","s:""1""}","{""x"":""00:00:00""","y:31.86","s:""2""}","{""y"":31.39","x:""00:02:00""","s:""1""}","{""x"":""00:02:00""","y:32.19","s:""2""}","{""y"":31.56","x:""00:04:00""","s:""1""}","{""x"":""00:04:00""","y:32.32","s:""2""}","{""y"":31.56","x:""00:06:00""","s:""1""}","{""x"":""00:"
"39","2019/1/12 0:08","31.6","西湖大队","32.61","[{""y"":31.45","x:""00:00:00""","s:""1""}","{""x"":""00:00:00""","y:31.86","s:""2""}","{""y"":31.39","x:""00:02:00""","s:""1""}","{""x"":""00:02:00""","y:32.19","s:""2""}","{""y"":31.56","x:""00:04:00""","s:""1""}","{""x"":""00:04:00""","y:32.32","s:""2""}","{""y"":31.56","x:""00:06:00""","s:""1""}","{""x"":""00:"
"390","2019/1/12 2:08","29.85","上城大队","30.56","[{""y"":28.65","x:""00:00:00""","s:""1""}","{""x"":""00:00:00""","y:28.86","s:""2""}","{""y"":28.44","x:""00:02:00""","s:""1""}","{""x"":""00:02:00""","y:29.54","s:""2""}","{""y"":28.39","x:""00:04:00""","s:""1""}","{""x"":""00:04:00""","y:28.92","s:""2""}","{""y"":28.41","x:""00:06:00""","s:""1""}","{""x"":""00:"
"391","2019/1/12 2:08","29.78","下城大队","30.34","[{""y"":27.94","x:""00:00:00""","s:""1""}","{""x"":""00:00:00""","y:28.69","s:""2""}","{""y"":28.01","x:""00:02:00""","s:""1""}","{""x"":""00:02:00""","y:28.63","s:""2""}","{""y"":28","x:""00:04:00""","s:""1""}","{""x"":""00:04:00""","y:28.66","s:""2""}","{""y"":28.04","x:""00:06:00""","s:""1""}","{""x"":""00:06:"
"392","2019/1/12 2:08","33.09","下沙大队","34.14","[{""y"":31.78","x:""00:00:00""","s:""1""}","{""x"":""00:00:00""","y:33.02","s:""2""}","{""y"":31.73","x:""00:02:00""","s:""1""}","{""x"":""00:02:00""","y:33.25","s:""2""}","{""y"":31.94","x:""00:04:00""","s:""1""}","{""x"":""00:04:00""","y:32.58","s:""2""}","{""y"":32.02","x:""00:06:00""","s:""1""}","{""x"":""00:"
"393","2019/1/12 2:08","35.04","临安大队","40.62","[{""y"":43.53","x:""00:00:00""","s:""1""}","{""x"":""00:00:00""","y:37.98","s:""2""}","{""y"":42.09","x:""00:02:00""","s:""1""}","{""x"":""00:02:00""","y:43.36","s:""2""}","{""y"":41.85","x:""00:04:00""","s:""1""}","{""x"":""00:04:00""","y:42.97","s:""2""}","{""y"":41.02","x:""00:06:00""","s:""1""}","{""x"":""00:"
"394","2019/1/12 2:08","31.82","主城区","32.32","[{""y"":30.45","x:""00:00:00""","s:""1""}","{""x"":""00:00:00""","y:30.92","s:""2""}","{""y"":30.44","x:""00:02:00""","s:""1""}","{""x"":""00:02:00""","y:31.2","s:""2""}","{""y"":30.48","x:""00:04:00""","s:""1""}","{""x"":""00:04:00""","y:31.06","s:""2""}","{""y"":30.49","x:""00:06:00""","s:""1""}","{""x"":""00:0"
"395","2019/1/12 2:08","36.56","余杭大队","36.05","[{""y"":36.37","x:""00:00:00""","s:""1""}","{""x"":""00:00:00""","y:35.51","s:""2""}","{""y"":36.47","x:""00:02:00""","s:""1""}","{""x"":""00:02:00""","y:35.92","s:""2""}","{""y"":36.48","x:""00:04:00""","s:""1""}","{""x"":""00:04:00""","y:36.02","s:""2""}","{""y"":36.23","x:""00:06:00""","s:""1""}","{""x"":""00:"
"396","2019/1/12 2:08","47.48","大江东大队","42.92","[{""y"":47.21","x:""00:00:00""","s:""1""}","{""x"":""00:00:00""","y:46.46","s:""2""}","{""y"":47.5","x:""00:02:00""","s:""1""}","{""x"":""00:02:00""","y:47.48","s:""2""}","{""y"":47.01","x:""00:04:00""","s:""1""}","{""x"":""00:04:00""","y:47.41","s:""2""}","{""y"":46.76","x:""00:06:00""","s:""1""}","{""x"":""00:0"
"397","2019/1/12 2:08","44.72","富阳大队","40.73","[{""y"":41.59","x:""00:00:00""","s:""1""}","{""x"":""00:00:00""","y:34.53","s:""2""}","{""y"":41.31","x:""00:02:00""","s:""1""}","{""x"":""00:02:00""","y:40.01","s:""2""}","{""y"":41.55","x:""00:04:00""","s:""1""}","{""x"":""00:04:00""","y:32.89","s:""2""}","{""y"":41.75","x:""00:06:00""","s:""1""}","{""x"":""00:"
"398","2019/1/12 2:08","38.25","建德大队","38.68","[{""y"":36.11","x:""00:00:00""","s:""1""}","{""x"":""00:00:00""","y:35.36","s:""2""}","{""y"":36.25","x:""00:02:00""","s:""1""}","{""x"":""00:02:00""","y:36.38","s:""2""}","{""y"":36.37","x:""00:04:00""","s:""1""}","{""x"":""00:04:00""","y:35.85","s:""2""}","{""y"":36.09","x:""00:06:00""","s:""1""}","{""x"":""00:"
"399","2019/1/12 2:08","30.67","拱墅大队","30.58","[{""y"":29","x:""00:00:00""","s:""1""}","{""x"":""00:00:00""","y:28.99","s:""2""}","{""y"":29.07","x:""00:02:00""","s:""1""}","{""x"":""00:02:00""","y:29.35","s:""2""}","{""y"":29.12","x:""00:04:00""","s:""1""}","{""x"":""00:04:00""","y:29.07","s:""2""}","{""y"":29.09","x:""00:06:00""","s:""1""}","{""x"":""00:06:"
"4","2019/1/12 0:04","36.37","建德大队","35.85","[{""y"":36.11","x:""00:00:00""","s:""1""}","{""x"":""00:00:00""","y:35.36","s:""2""}","{""y"":36.25","x:""00:02:00""","s:""1""}","{""x"":""00:02:00""","y:36.38","s:""2""}","{""y"":36.37","x:""00:04:00""","s:""1""}","{""x"":""00:04:00""","y:35.85","s:""2""}","{""y"":36.09","x:""00:06:00""","s:""1""}","{""y"":36.7"
"40","2019/1/12 0:10","28.5","上城大队","30.49","[{""y"":28.65","x:""00:00:00""","s:""1""}","{""x"":""00:00:00""","y:28.86","s:""2""}","{""y"":28.44","x:""00:02:00""","s:""1""}","{""x"":""00:02:00""","y:29.54","s:""2""}","{""y"":28.39","x:""00:04:00""","s:""1""}","{""x"":""00:04:00""","y:28.92","s:""2""}","{""y"":28.41","x:""00:06:00""","s:""1""}","{""x"":""00:"
"400","2019/1/12 2:08","37.56","景区大队","40.36","[{""y"":35.22","x:""00:00:00""","s:""1""}","{""x"":""00:00:00""","y:38.65","s:""2""}","{""y"":35.02","x:""00:02:00""","s:""1""}","{""x"":""00:02:00""","y:40.1","s:""2""}","{""y"":34.98","x:""00:04:00""","s:""1""}","{""x"":""00:04:00""","y:40.28","s:""2""}","{""y"":34.87","x:""00:06:00""","s:""1""}","{""x"":""00:0"
"401","2019/1/12 2:08","38.78","桐庐大队","34.19","[{""y"":34.81","x:""00:00:00""","s:""1""}","{""x"":""00:00:00""","y:36.67","s:""2""}","{""y"":35.94","x:""00:02:00""","s:""1""}","{""x"":""00:02:00""","y:37.66","s:""2""}","{""y"":35.75","x:""00:04:00""","s:""1""}","{""x"":""00:04:00""","y:36.04","s:""2""}","{""y"":36.98","x:""00:06:00""","s:""1""}","{""x"":""00:"
"402","2019/1/12 2:08","32.36","江干大队","33.57","[{""y"":31.05","x:""00:00:00""","s:""1""}","{""x"":""00:00:00""","y:31.64","s:""2""}","{""y"":31.09","x:""00:02:00""","s:""1""}","{""x"":""00:02:00""","y:31.66","s:""2""}","{""y"":31.07","x:""00:04:00""","s:""1""}","{""x"":""00:04:00""","y:31.5","s:""2""}","{""y"":31.13","x:""00:06:00""","s:""1""}","{""x"":""00:0"
"403","2019/1/12 2:08","39.43","淳安大队","38.71","[{""y"":37.38","x:""00:00:00""","s:""1""}","{""x"":""00:00:00""","y:32.32","s:""2""}","{""y"":37.27","x:""00:02:00""","s:""1""}","{""x"":""00:02:00""","y:32.13","s:""2""}","{""y"":37.44","x:""00:04:00""","s:""1""}","{""x"":""00:04:00""","y:34.13","s:""2""}","{""y"":37.63","x:""00:06:00""","s:""1""}","{""x"":""00:"
"404","2019/1/12 2:08","35.72","滨江大队","34.65","[{""y"":33.38","x:""00:00:00""","s:""1""}","{""x"":""00:00:00""","y:33.22","s:""2""}","{""y"":33.38","x:""00:02:00""","s:""1""}","{""x"":""00:02:00""","y:33.44","s:""2""}","{""y"":33.42","x:""00:04:00""","s:""1""}","{""x"":""00:04:00""","y:33.42","s:""2""}","{""y"":33.33","x:""00:06:00""","s:""1""}","{""x"":""00:"
"405","2019/1/12 2:08","42.52","萧山大队","37.81","[{""y"":39.77","x:""00:00:00""","s:""1""}","{""x"":""00:00:00""","y:39.01","s:""2""}","{""y"":39.34","x:""00:02:00""","s:""1""}","{""x"":""00:02:00""","y:38.8","s:""2""}","{""y"":39.57","x:""00:04:00""","s:""1""}","{""x"":""00:04:00""","y:38.82","s:""2""}","{""y"":39.87","x:""00:06:00""","s:""1""}","{""x"":""00:0"
"406","2019/1/12 2:08","33.11","西湖大队","33.41","[{""y"":31.45","x:""00:00:00""","s:""1""}","{""x"":""00:00:00""","y:31.86","s:""2""}","{""y"":31.39","x:""00:02:00""","s:""1""}","{""x"":""00:02:00""","y:32.19","s:""2""}","{""y"":31.56","x:""00:04:00""","s:""1""}","{""x"":""00:04:00""","y:32.32","s:""2""}","{""y"":31.56","x:""00:06:00""","s:""1""}","{""x"":""00:"
"407","2019/1/12 2:10","29.91","上城大队","30.34","[{""y"":28.65","x:""00:00:00""","s:""1""}","{""x"":""00:00:00""","y:28.86","s:""2""}","{""y"":28.44","x:""00:02:00""","s:""1""}","{""x"":""00:02:00""","y:29.54","s:""2""}","{""y"":28.39","x:""00:04:00""","s:""1""}","{""x"":""00:04:00""","y:28.92","s:""2""}","{""y"":28.41","x:""00:06:00""","s:""1""}","{""x"":""00:"
"408","2019/1/12 2:10","32.86","下沙大队","34.34","[{""y"":31.78","x:""00:00:00""","s:""1""}","{""x"":""00:00:00""","y:33.02","s:""2""}","{""y"":31.73","x:""00:02:00""","s:""1""}","{""x"":""00:02:00""","y:33.25","s:""2""}","{""y"":31.94","x:""00:04:00""","s:""1""}","{""x"":""00:04:00""","y:32.58","s:""2""}","{""y"":32.02","x:""00:06:00""","s:""1""}","{""x"":""00:"
"409","2019/1/12 2:10","35.94","临安大队","42.23","[{""y"":43.53","x:""00:00:00""","s:""1""}","{""x"":""00:00:00""","y:37.98","s:""2""}","{""y"":42.09","x:""00:02:00""","s:""1""}","{""x"":""00:02:00""","y:43.36","s:""2""}","{""y"":41.85","x:""00:04:00""","s:""1""}","{""x"":""00:04:00""","y:42.97","s:""2""}","{""y"":41.02","x:""00:06:00""","s:""1""}","{""x"":""00:"
"41","2019/1/12 0:10","30.56","主城区","31.23","[{""y"":30.45","x:""00:00:00""","s:""1""}","{""x"":""00:00:00""","y:30.92","s:""2""}","{""y"":30.44","x:""00:02:00""","s:""1""}","{""x"":""00:02:00""","y:31.2","s:""2""}","{""y"":30.48","x:""00:04:00""","s:""1""}","{""x"":""00:04:00""","y:31.06","s:""2""}","{""y"":30.49","x:""00:06:00""","s:""1""}","{""x"":""00:0"
"410","2019/1/12 2:10","31.81","主城区","32.18","[{""y"":30.45","x:""00:00:00""","s:""1""}","{""x"":""00:00:00""","y:30.92","s:""2""}","{""y"":30.44","x:""00:02:00""","s:""1""}","{""x"":""00:02:00""","y:31.2","s:""2""}","{""y"":30.48","x:""00:04:00""","s:""1""}","{""x"":""00:04:00""","y:31.06","s:""2""}","{""y"":30.49","x:""00:06:00""","s:""1""}","{""x"":""00:0"
"411","2019/1/12 2:10","36.24","余杭大队","35.84","[{""y"":36.37","x:""00:00:00""","s:""1""}","{""x"":""00:00:00""","y:35.51","s:""2""}","{""y"":36.47","x:""00:02:00""","s:""1""}","{""x"":""00:02:00""","y:35.92","s:""2""}","{""y"":36.48","x:""00:04:00""","s:""1""}","{""x"":""00:04:00""","y:36.02","s:""2""}","{""y"":36.23","x:""00:06:00""","s:""1""}","{""x"":""00:"
"412","2019/1/12 2:10","47.53","大江东大队","43.38","[{""y"":47.21","x:""00:00:00""","s:""1""}","{""x"":""00:00:00""","y:46.46","s:""2""}","{""y"":47.5","x:""00:02:00""","s:""1""}","{""x"":""00:02:00""","y:47.48","s:""2""}","{""y"":47.01","x:""00:04:00""","s:""1""}","{""x"":""00:04:00""","y:47.41","s:""2""}","{""y"":46.76","x:""00:06:00""","s:""1""}","{""x"":""00:0"
"413","2019/1/12 2:10","44.71","富阳大队","42.43","[{""y"":41.59","x:""00:00:00""","s:""1""}","{""x"":""00:00:00""","y:34.53","s:""2""}","{""y"":41.31","x:""00:02:00""","s:""1""}","{""x"":""00:02:00""","y:40.01","s:""2""}","{""y"":41.55","x:""00:04:00""","s:""1""}","{""x"":""00:04:00""","y:32.89","s:""2""}","{""y"":41.75","x:""00:06:00""","s:""1""}","{""x"":""00:"
"414","2019/1/12 2:10","39.79","建德大队","42.46","[{""y"":36.11","x:""00:00:00""","s:""1""}","{""x"":""00:00:00""","y:35.36","s:""2""}","{""y"":36.25","x:""00:02:00""","s:""1""}","{""x"":""00:02:00""","y:36.38","s:""2""}","{""y"":36.37","x:""00:04:00""","s:""1""}","{""x"":""00:04:00""","y:35.85","s:""2""}","{""y"":36.09","x:""00:06:00""","s:""1""}","{""x"":""00:"
"415","2019/1/12 2:10","37.91","景区大队","39.4","[{""y"":35.22","x:""00:00:00""","s:""1""}","{""x"":""00:00:00""","y:38.65","s:""2""}","{""y"":35.02","x:""00:02:00""","s:""1""}","{""x"":""00:02:00""","y:40.1","s:""2""}","{""y"":34.98","x:""00:04:00""","s:""1""}","{""x"":""00:04:00""","y:40.28","s:""2""}","{""y"":34.87","x:""00:06:00""","s:""1""}","{""x"":""00:0"
"416","2019/1/12 2:10","32.42","江干大队","33.54","[{""y"":31.05","x:""00:00:00""","s:""1""}","{""x"":""00:00:00""","y:31.64","s:""2""}","{""y"":31.09","x:""00:02:00""","s:""1""}","{""x"":""00:02:00""","y:31.66","s:""2""}","{""y"":31.07","x:""00:04:00""","s:""1""}","{""x"":""00:04:00""","y:31.5","s:""2""}","{""y"":31.13","x:""00:06:00""","s:""1""}","{""x"":""00:0"
"417","2019/1/12 2:10","35.66","滨江大队","34.16","[{""y"":33.38","x:""00:00:00""","s:""1""}","{""x"":""00:00:00""","y:33.22","s:""2""}","{""y"":33.38","x:""00:02:00""","s:""1""}","{""x"":""00:02:00""","y:33.44","s:""2""}","{""y"":33.42","x:""00:04:00""","s:""1""}","{""x"":""00:04:00""","y:33.42","s:""2""}","{""y"":33.33","x:""00:06:00""","s:""1""}","{""x"":""00:"
"418","2019/1/12 2:10","43.01","萧山大队","38","[{""y"":39.77","x:""00:00:00""","s:""1""}","{""x"":""00:00:00""","y:39.01","s:""2""}","{""y"":39.34","x:""00:02:00""","s:""1""}","{""x"":""00:02:00""","y:38.8","s:""2""}","{""y"":39.57","x:""00:04:00""","s:""1""}","{""x"":""00:04:00""","y:38.82","s:""2""}","{""y"":39.87","x:""00:06:00""","s:""1""}","{""x"":""00:0"
"419","2019/1/12 2:12","30.12","上城大队","30.17","[{""y"":28.65","x:""00:00:00""","s:""1""}","{""x"":""00:00:00""","y:28.86","s:""2""}","{""y"":28.44","x:""00:02:00""","s:""1""}","{""x"":""00:02:00""","y:29.54","s:""2""}","{""y"":28.39","x:""00:04:00""","s:""1""}","{""x"":""00:04:00""","y:28.92","s:""2""}","{""y"":28.41","x:""00:06:00""","s:""1""}","{""x"":""00:"
"42","2019/1/12 0:10","46.3","大江东大队","44.95","[{""y"":47.21","x:""00:00:00""","s:""1""}","{""x"":""00:00:00""","y:46.46","s:""2""}","{""y"":47.5","x:""00:02:00""","s:""1""}","{""x"":""00:02:00""","y:47.48","s:""2""}","{""y"":47.01","x:""00:04:00""","s:""1""}","{""x"":""00:04:00""","y:47.41","s:""2""}","{""y"":46.76","x:""00:06:00""","s:""1""}","{""x"":""00:0"
"420","2019/1/12 2:12","29.58","下城大队","29.77","[{""y"":27.94","x:""00:00:00""","s:""1""}","{""x"":""00:00:00""","y:28.69","s:""2""}","{""y"":28.01","x:""00:02:00""","s:""1""}","{""x"":""00:02:00""","y:28.63","s:""2""}","{""y"":28","x:""00:04:00""","s:""1""}","{""x"":""00:04:00""","y:28.66","s:""2""}","{""y"":28.04","x:""00:06:00""","s:""1""}","{""x"":""00:06:"
"421","2019/1/12 2:12","32.91","下沙大队","34.64","[{""y"":31.78","x:""00:00:00""","s:""1""}","{""x"":""00:00:00""","y:33.02","s:""2""}","{""y"":31.73","x:""00:02:00""","s:""1""}","{""x"":""00:02:00""","y:33.25","s:""2""}","{""y"":31.94","x:""00:04:00""","s:""1""}","{""x"":""00:04:00""","y:32.58","s:""2""}","{""y"":32.02","x:""00:06:00""","s:""1""}","{""x"":""00:"
"422","2019/1/12 2:12","36.99","临安大队","42.62","[{""y"":43.53","x:""00:00:00""","s:""1""}","{""x"":""00:00:00""","y:37.98","s:""2""}","{""y"":42.09","x:""00:02:00""","s:""1""}","{""x"":""00:02:00""","y:43.36","s:""2""}","{""y"":41.85","x:""00:04:00""","s:""1""}","{""x"":""00:04:00""","y:42.97","s:""2""}","{""y"":41.02","x:""00:06:00""","s:""1""}","{""x"":""00:"
"423","2019/1/12 2:12","31.82","主城区","32.03","[{""y"":30.45","x:""00:00:00""","s:""1""}","{""x"":""00:00:00""","y:30.92","s:""2""}","{""y"":30.44","x:""00:02:00""","s:""1""}","{""x"":""00:02:00""","y:31.2","s:""2""}","{""y"":30.48","x:""00:04:00""","s:""1""}","{""x"":""00:04:00""","y:31.06","s:""2""}","{""y"":30.49","x:""00:06:00""","s:""1""}","{""x"":""00:0"
"424","2019/1/12 2:12","36.31","余杭大队","35.16","[{""y"":36.37","x:""00:00:00""","s:""1""}","{""x"":""00:00:00""","y:35.51","s:""2""}","{""y"":36.47","x:""00:02:00""","s:""1""}","{""x"":""00:02:00""","y:35.92","s:""2""}","{""y"":36.48","x:""00:04:00""","s:""1""}","{""x"":""00:04:00""","y:36.02","s:""2""}","{""y"":36.23","x:""00:06:00""","s:""1""}","{""x"":""00:"
"425","2019/1/12 2:12","47.23","大江东大队","46.74","[{""y"":47.21","x:""00:00:00""","s:""1""}","{""x"":""00:00:00""","y:46.46","s:""2""}","{""y"":47.5","x:""00:02:00""","s:""1""}","{""x"":""00:02:00""","y:47.48","s:""2""}","{""y"":47.01","x:""00:04:00""","s:""1""}","{""x"":""00:04:00""","y:47.41","s:""2""}","{""y"":46.76","x:""00:06:00""","s:""1""}","{""x"":""00:0"
"426","2019/1/12 2:12","44.8","富阳大队","41.93","[{""y"":41.59","x:""00:00:00""","s:""1""}","{""x"":""00:00:00""","y:34.53","s:""2""}","{""y"":41.31","x:""00:02:00""","s:""1""}","{""x"":""00:02:00""","y:40.01","s:""2""}","{""y"":41.55","x:""00:04:00""","s:""1""}","{""x"":""00:04:00""","y:32.89","s:""2""}","{""y"":41.75","x:""00:06:00""","s:""1""}","{""x"":""00:"
"427","2019/1/12 2:12","39.84","建德大队","41.75","[{""y"":36.11","x:""00:00:00""","s:""1""}","{""x"":""00:00:00""","y:35.36","s:""2""}","{""y"":36.25","x:""00:02:00""","s:""1""}","{""x"":""00:02:00""","y:36.38","s:""2""}","{""y"":36.37","x:""00:04:00""","s:""1""}","{""x"":""00:04:00""","y:35.85","s:""2""}","{""y"":36.09","x:""00:06:00""","s:""1""}","{""x"":""00:"
"428","2019/1/12 2:12","30.67","拱墅大队","29.93","[{""y"":29","x:""00:00:00""","s:""1""}","{""x"":""00:00:00""","y:28.99","s:""2""}","{""y"":29.07","x:""00:02:00""","s:""1""}","{""x"":""00:02:00""","y:29.35","s:""2""}","{""y"":29.12","x:""00:04:00""","s:""1""}","{""x"":""00:04:00""","y:29.07","s:""2""}","{""y"":29.09","x:""00:06:00""","s:""1""}","{""x"":""00:06:"
"429","2019/1/12 2:12","37.76","景区大队","39.39","[{""y"":35.22","x:""00:00:00""","s:""1""}","{""x"":""00:00:00""","y:38.65","s:""2""}","{""y"":35.02","x:""00:02:00""","s:""1""}","{""x"":""00:02:00""","y:40.1","s:""2""}","{""y"":34.98","x:""00:04:00""","s:""1""}","{""x"":""00:04:00""","y:40.28","s:""2""}","{""y"":34.87","x:""00:06:00""","s:""1""}","{""x"":""00:0"
"43","2019/1/12 0:10","44.57","富阳大队","37.96","[{""y"":41.59","x:""00:00:00""","s:""1""}","{""x"":""00:00:00""","y:34.53","s:""2""}","{""y"":41.31","x:""00:02:00""","s:""1""}","{""x"":""00:02:00""","y:40.01","s:""2""}","{""y"":41.55","x:""00:04:00""","s:""1""}","{""x"":""00:04:00""","y:32.89","s:""2""}","{""y"":41.75","x:""00:06:00""","s:""1""}","{""x"":""00:"
"430","2019/1/12 2:12","38.34","桐庐大队","40.72","[{""y"":34.81","x:""00:00:00""","s:""1""}","{""x"":""00:00:00""","y:36.67","s:""2""}","{""y"":35.94","x:""00:02:00""","s:""1""}","{""x"":""00:02:00""","y:37.66","s:""2""}","{""y"":35.75","x:""00:04:00""","s:""1""}","{""x"":""00:04:00""","y:36.04","s:""2""}","{""y"":36.98","x:""00:06:00""","s:""1""}","{""x"":""00:"
"431","2019/1/12 2:12","32.51","江干大队","33.61","[{""y"":31.05","x:""00:00:00""","s:""1""}","{""x"":""00:00:00""","y:31.64","s:""2""}","{""y"":31.09","x:""00:02:00""","s:""1""}","{""x"":""00:02:00""","y:31.66","s:""2""}","{""y"":31.07","x:""00:04:00""","s:""1""}","{""x"":""00:04:00""","y:31.5","s:""2""}","{""y"":31.13","x:""00:06:00""","s:""1""}","{""x"":""00:0"
"432","2019/1/12 2:12","39.61","淳安大队","38.2","[{""y"":37.38","x:""00:00:00""","s:""1""}","{""x"":""00:00:00""","y:32.32","s:""2""}","{""y"":37.27","x:""00:02:00""","s:""1""}","{""x"":""00:02:00""","y:32.13","s:""2""}","{""y"":37.44","x:""00:04:00""","s:""1""}","{""x"":""00:04:00""","y:34.13","s:""2""}","{""y"":37.63","x:""00:06:00""","s:""1""}","{""x"":""00:"
"433","2019/1/12 2:12","35.64","滨江大队","35.08","[{""y"":33.38","x:""00:00:00""","s:""1""}","{""x"":""00:00:00""","y:33.22","s:""2""}","{""y"":33.38","x:""00:02:00""","s:""1""}","{""x"":""00:02:00""","y:33.44","s:""2""}","{""y"":33.42","x:""00:04:00""","s:""1""}","{""x"":""00:04:00""","y:33.42","s:""2""}","{""y"":33.33","x:""00:06:00""","s:""1""}","{""x"":""00:"
"434","2019/1/12 2:12","43.11","萧山大队","38.94","[{""y"":39.77","x:""00:00:00""","s:""1""}","{""x"":""00:00:00""","y:39.01","s:""2""}","{""y"":39.34","x:""00:02:00""","s:""1""}","{""x"":""00:02:00""","y:38.8","s:""2""}","{""y"":39.57","x:""00:04:00""","s:""1""}","{""x"":""00:04:00""","y:38.82","s:""2""}","{""y"":39.87","x:""00:06:00""","s:""1""}","{""x"":""00:0"
"435","2019/1/12 2:12","33.1","西湖大队","32.93","[{""y"":31.45","x:""00:00:00""","s:""1""}","{""x"":""00:00:00""","y:31.86","s:""2""}","{""y"":31.39","x:""00:02:00""","s:""1""}","{""x"":""00:02:00""","y:32.19","s:""2""}","{""y"":31.56","x:""00:04:00""","s:""1""}","{""x"":""00:04:00""","y:32.32","s:""2""}","{""y"":31.56","x:""00:06:00""","s:""1""}","{""x"":""00:"
"436","2019/1/12 2:14","29.96","上城大队","30.36","[{""y"":28.65","x:""00:00:00""","s:""1""}","{""x"":""00:00:00""","y:28.86","s:""2""}","{""y"":28.44","x:""00:02:00""","s:""1""}","{""x"":""00:02:00""","y:29.54","s:""2""}","{""y"":28.39","x:""00:04:00""","s:""1""}","{""x"":""00:04:00""","y:28.92","s:""2""}","{""y"":28.41","x:""00:06:00""","s:""1""}","{""x"":""00:"
"437","2019/1/12 2:14","29.72","下城大队","29.45","[{""y"":27.94","x:""00:00:00""","s:""1""}","{""x"":""00:00:00""","y:28.69","s:""2""}","{""y"":28.01","x:""00:02:00""","s:""1""}","{""x"":""00:02:00""","y:28.63","s:""2""}","{""y"":28","x:""00:04:00""","s:""1""}","{""x"":""00:04:00""","y:28.66","s:""2""}","{""y"":28.04","x:""00:06:00""","s:""1""}","{""x"":""00:06:"
"438","2019/1/12 2:14","33.16","下沙大队","34.79","[{""y"":31.78","x:""00:00:00""","s:""1""}","{""x"":""00:00:00""","y:33.02","s:""2""}","{""y"":31.73","x:""00:02:00""","s:""1""}","{""x"":""00:02:00""","y:33.25","s:""2""}","{""y"":31.94","x:""00:04:00""","s:""1""}","{""x"":""00:04:00""","y:32.58","s:""2""}","{""y"":32.02","x:""00:06:00""","s:""1""}","{""x"":""00:"
"439","2019/1/12 2:14","36.98","临安大队","39.54","[{""y"":43.53","x:""00:00:00""","s:""1""}","{""x"":""00:00:00""","y:37.98","s:""2""}","{""y"":42.09","x:""00:02:00""","s:""1""}","{""x"":""00:02:00""","y:43.36","s:""2""}","{""y"":41.85","x:""00:04:00""","s:""1""}","{""x"":""00:04:00""","y:42.97","s:""2""}","{""y"":41.02","x:""00:06:00""","s:""1""}","{""x"":""00:"
"44","2019/1/12 0:10","31.22","江干大队","31.5","[{""y"":31.05","x:""00:00:00""","s:""1""}","{""x"":""00:00:00""","y:31.64","s:""2""}","{""y"":31.09","x:""00:02:00""","s:""1""}","{""x"":""00:02:00""","y:31.66","s:""2""}","{""y"":31.07","x:""00:04:00""","s:""1""}","{""x"":""00:04:00""","y:31.5","s:""2""}","{""y"":31.13","x:""00:06:00""","s:""1""}","{""x"":""00:0"
"440","2019/1/12 2:14","31.9","主城区","31.97","[{""y"":30.45","x:""00:00:00""","s:""1""}","{""x"":""00:00:00""","y:30.92","s:""2""}","{""y"":30.44","x:""00:02:00""","s:""1""}","{""x"":""00:02:00""","y:31.2","s:""2""}","{""y"":30.48","x:""00:04:00""","s:""1""}","{""x"":""00:04:00""","y:31.06","s:""2""}","{""y"":30.49","x:""00:06:00""","s:""1""}","{""x"":""00:0"
"441","2019/1/12 2:14","36.23","余杭大队","35.49","[{""y"":36.37","x:""00:00:00""","s:""1""}","{""x"":""00:00:00""","y:35.51","s:""2""}","{""y"":36.47","x:""00:02:00""","s:""1""}","{""x"":""00:02:00""","y:35.92","s:""2""}","{""y"":36.48","x:""00:04:00""","s:""1""}","{""x"":""00:04:00""","y:36.02","s:""2""}","{""y"":36.23","x:""00:06:00""","s:""1""}","{""x"":""00:"
"442","2019/1/12 2:14","47.7","大江东大队","45.22","[{""y"":47.21","x:""00:00:00""","s:""1""}","{""x"":""00:00:00""","y:46.46","s:""2""}","{""y"":47.5","x:""00:02:00""","s:""1""}","{""x"":""00:02:00""","y:47.48","s:""2""}","{""y"":47.01","x:""00:04:00""","s:""1""}","{""x"":""00:04:00""","y:47.41","s:""2""}","{""y"":46.76","x:""00:06:00""","s:""1""}","{""x"":""00:0"
"443","2019/1/12 2:14","44.99","富阳大队","44.28","[{""y"":41.59","x:""00:00:00""","s:""1""}","{""x"":""00:00:00""","y:34.53","s:""2""}","{""y"":41.31","x:""00:02:00""","s:""1""}","{""x"":""00:02:00""","y:40.01","s:""2""}","{""y"":41.55","x:""00:04:00""","s:""1""}","{""x"":""00:04:00""","y:32.89","s:""2""}","{""y"":41.75","x:""00:06:00""","s:""1""}","{""x"":""00:"
"444","2019/1/12 2:14","39.93","建德大队","41.75","[{""y"":36.11","x:""00:00:00""","s:""1""}","{""x"":""00:00:00""","y:35.36","s:""2""}","{""y"":36.25","x:""00:02:00""","s:""1""}","{""x"":""00:02:00""","y:36.38","s:""2""}","{""y"":36.37","x:""00:04:00""","s:""1""}","{""x"":""00:04:00""","y:35.85","s:""2""}","{""y"":36.09","x:""00:06:00""","s:""1""}","{""x"":""00:"
"445","2019/1/12 2:14","30.85","拱墅大队","29.43","[{""y"":29","x:""00:00:00""","s:""1""}","{""x"":""00:00:00""","y:28.99","s:""2""}","{""y"":29.07","x:""00:02:00""","s:""1""}","{""x"":""00:02:00""","y:29.35","s:""2""}","{""y"":29.12","x:""00:04:00""","s:""1""}","{""x"":""00:04:00""","y:29.07","s:""2""}","{""y"":29.09","x:""00:06:00""","s:""1""}","{""x"":""00:06:"
"446","2019/1/12 2:14","37.97","景区大队","39.53","[{""y"":35.22","x:""00:00:00""","s:""1""}","{""x"":""00:00:00""","y:38.65","s:""2""}","{""y"":35.02","x:""00:02:00""","s:""1""}","{""x"":""00:02:00""","y:40.1","s:""2""}","{""y"":34.98","x:""00:04:00""","s:""1""}","{""x"":""00:04:00""","y:40.28","s:""2""}","{""y"":34.87","x:""00:06:00""","s:""1""}","{""x"":""00:0"
"447","2019/1/12 2:14","38.53","桐庐大队","44.72","[{""y"":34.81","x:""00:00:00""","s:""1""}","{""x"":""00:00:00""","y:36.67","s:""2""}","{""y"":35.94","x:""00:02:00""","s:""1""}","{""x"":""00:02:00""","y:37.66","s:""2""}","{""y"":35.75","x:""00:04:00""","s:""1""}","{""x"":""00:04:00""","y:36.04","s:""2""}","{""y"":36.98","x:""00:06:00""","s:""1""}","{""x"":""00:"
"448","2019/1/12 2:14","32.46","江干大队","33.95","[{""y"":31.05","x:""00:00:00""","s:""1""}","{""x"":""00:00:00""","y:31.64","s:""2""}","{""y"":31.09","x:""00:02:00""","s:""1""}","{""x"":""00:02:00""","y:31.66","s:""2""}","{""y"":31.07","x:""00:04:00""","s:""1""}","{""x"":""00:04:00""","y:31.5","s:""2""}","{""y"":31.13","x:""00:06:00""","s:""1""}","{""x"":""00:0"
"449","2019/1/12 2:14","39.46","淳安大队","38.2","[{""y"":37.38","x:""00:00:00""","s:""1""}","{""x"":""00:00:00""","y:32.32","s:""2""}","{""y"":37.27","x:""00:02:00""","s:""1""}","{""x"":""00:02:00""","y:32.13","s:""2""}","{""y"":37.44","x:""00:04:00""","s:""1""}","{""x"":""00:04:00""","y:34.13","s:""2""}","{""y"":37.63","x:""00:06:00""","s:""1""}","{""x"":""00:"
"45","2019/1/12 0:10","38.07","淳安大队","36.4","[{""y"":37.38","x:""00:00:00""","s:""1""}","{""x"":""00:00:00""","y:32.32","s:""2""}","{""y"":37.27","x:""00:02:00""","s:""1""}","{""x"":""00:02:00""","y:32.13","s:""2""}","{""y"":37.44","x:""00:04:00""","s:""1""}","{""x"":""00:04:00""","y:34.13","s:""2""}","{""y"":37.63","x:""00:06:00""","s:""1""}","{""x"":""00:"
"450","2019/1/12 2:14","35.7","滨江大队","35.18","[{""y"":33.38","x:""00:00:00""","s:""1""}","{""x"":""00:00:00""","y:33.22","s:""2""}","{""y"":33.38","x:""00:02:00""","s:""1""}","{""x"":""00:02:00""","y:33.44","s:""2""}","{""y"":33.42","x:""00:04:00""","s:""1""}","{""x"":""00:04:00""","y:33.42","s:""2""}","{""y"":33.33","x:""00:06:00""","s:""1""}","{""x"":""00:"
"451","2019/1/12 2:14","43.13","萧山大队","39.22","[{""y"":39.77","x:""00:00:00""","s:""1""}","{""x"":""00:00:00""","y:39.01","s:""2""}","{""y"":39.34","x:""00:02:00""","s:""1""}","{""x"":""00:02:00""","y:38.8","s:""2""}","{""y"":39.57","x:""00:04:00""","s:""1""}","{""x"":""00:04:00""","y:38.82","s:""2""}","{""y"":39.87","x:""00:06:00""","s:""1""}","{""x"":""00:0"
"452","2019/1/12 2:14","33.13","西湖大队","32.91","[{""y"":31.45","x:""00:00:00""","s:""1""}","{""x"":""00:00:00""","y:31.86","s:""2""}","{""y"":31.39","x:""00:02:00""","s:""1""}","{""x"":""00:02:00""","y:32.19","s:""2""}","{""y"":31.56","x:""00:04:00""","s:""1""}","{""x"":""00:04:00""","y:32.32","s:""2""}","{""y"":31.56","x:""00:06:00""","s:""1""}","{""x"":""00:"
"453","2019/1/12 2:16","30.14","上城大队","30.54","[{""y"":28.65","x:""00:00:00""","s:""1""}","{""x"":""00:00:00""","y:28.86","s:""2""}","{""y"":28.44","x:""00:02:00""","s:""1""}","{""x"":""00:02:00""","y:29.54","s:""2""}","{""y"":28.39","x:""00:04:00""","s:""1""}","{""x"":""00:04:00""","y:28.92","s:""2""}","{""y"":28.41","x:""00:06:00""","s:""1""}","{""x"":""00:"
"454","2019/1/12 2:16","31.89","主城区","31.82","[{""y"":30.45","x:""00:00:00""","s:""1""}","{""x"":""00:00:00""","y:30.92","s:""2""}","{""y"":30.44","x:""00:02:00""","s:""1""}","{""x"":""00:02:00""","y:31.2","s:""2""}","{""y"":30.48","x:""00:04:00""","s:""1""}","{""x"":""00:04:00""","y:31.06","s:""2""}","{""y"":30.49","x:""00:06:00""","s:""1""}","{""x"":""00:0"
"455","2019/1/12 2:16","36.42","余杭大队","35.47","[{""y"":36.37","x:""00:00:00""","s:""1""}","{""x"":""00:00:00""","y:35.51","s:""2""}","{""y"":36.47","x:""00:02:00""","s:""1""}","{""x"":""00:02:00""","y:35.92","s:""2""}","{""y"":36.48","x:""00:04:00""","s:""1""}","{""x"":""00:04:00""","y:36.02","s:""2""}","{""y"":36.23","x:""00:06:00""","s:""1""}","{""x"":""00:"
"456","2019/1/12 2:16","47.48","大江东大队","43.75","[{""y"":47.21","x:""00:00:00""","s:""1""}","{""x"":""00:00:00""","y:46.46","s:""2""}","{""y"":47.5","x:""00:02:00""","s:""1""}","{""x"":""00:02:00""","y:47.48","s:""2""}","{""y"":47.01","x:""00:04:00""","s:""1""}","{""x"":""00:04:00""","y:47.41","s:""2""}","{""y"":46.76","x:""00:06:00""","s:""1""}","{""x"":""00:0"
"457","2019/1/12 2:16","44.03","富阳大队","43.97","[{""y"":41.59","x:""00:00:00""","s:""1""}","{""x"":""00:00:00""","y:34.53","s:""2""}","{""y"":41.31","x:""00:02:00""","s:""1""}","{""x"":""00:02:00""","y:40.01","s:""2""}","{""y"":41.55","x:""00:04:00""","s:""1""}","{""x"":""00:04:00""","y:32.89","s:""2""}","{""y"":41.75","x:""00:06:00""","s:""1""}","{""x"":""00:"
"458","2019/1/12 2:16","40.03","建德大队","41.75","[{""y"":36.11","x:""00:00:00""","s:""1""}","{""x"":""00:00:00""","y:35.36","s:""2""}","{""y"":36.25","x:""00:02:00""","s:""1""}","{""x"":""00:02:00""","y:36.38","s:""2""}","{""y"":36.37","x:""00:04:00""","s:""1""}","{""x"":""00:04:00""","y:35.85","s:""2""}","{""y"":36.09","x:""00:06:00""","s:""1""}","{""x"":""00:"
"459","2019/1/12 2:16","30.67","拱墅大队","29.64","[{""y"":29","x:""00:00:00""","s:""1""}","{""x"":""00:00:00""","y:28.99","s:""2""}","{""y"":29.07","x:""00:02:00""","s:""1""}","{""x"":""00:02:00""","y:29.35","s:""2""}","{""y"":29.12","x:""00:04:00""","s:""1""}","{""x"":""00:04:00""","y:29.07","s:""2""}","{""y"":29.09","x:""00:06:00""","s:""1""}","{""x"":""00:06:"
"46","2019/1/12 0:10","31.53","西湖大队","32.18","[{""y"":31.45","x:""00:00:00""","s:""1""}","{""x"":""00:00:00""","y:31.86","s:""2""}","{""y"":31.39","x:""00:02:00""","s:""1""}","{""x"":""00:02:00""","y:32.19","s:""2""}","{""y"":31.56","x:""00:04:00""","s:""1""}","{""x"":""00:04:00""","y:32.32","s:""2""}","{""y"":31.56","x:""00:06:00""","s:""1""}","{""x"":""00:"
"460","2019/1/12 2:16","37.56","景区大队","39.2","[{""y"":35.22","x:""00:00:00""","s:""1""}","{""x"":""00:00:00""","y:38.65","s:""2""}","{""y"":35.02","x:""00:02:00""","s:""1""}","{""x"":""00:02:00""","y:40.1","s:""2""}","{""y"":34.98","x:""00:04:00""","s:""1""}","{""x"":""00:04:00""","y:40.28","s:""2""}","{""y"":34.87","x:""00:06:00""","s:""1""}","{""x"":""00:0"
"461","2019/1/12 2:16","37.85","桐庐大队","36.24","[{""y"":34.81","x:""00:00:00""","s:""1""}","{""x"":""00:00:00""","y:36.67","s:""2""}","{""y"":35.94","x:""00:02:00""","s:""1""}","{""x"":""00:02:00""","y:37.66","s:""2""}","{""y"":35.75","x:""00:04:00""","s:""1""}","{""x"":""00:04:00""","y:36.04","s:""2""}","{""y"":36.98","x:""00:06:00""","s:""1""}","{""x"":""00:"
"462","2019/1/12 2:16","32.48","江干大队","33.56","[{""y"":31.05","x:""00:00:00""","s:""1""}","{""x"":""00:00:00""","y:31.64","s:""2""}","{""y"":31.09","x:""00:02:00""","s:""1""}","{""x"":""00:02:00""","y:31.66","s:""2""}","{""y"":31.07","x:""00:04:00""","s:""1""}","{""x"":""00:04:00""","y:31.5","s:""2""}","{""y"":31.13","x:""00:06:00""","s:""1""}","{""x"":""00:0"
"463","2019/1/12 2:16","39.42","淳安大队","37.48","[{""y"":37.38","x:""00:00:00""","s:""1""}","{""x"":""00:00:00""","y:32.32","s:""2""}","{""y"":37.27","x:""00:02:00""","s:""1""}","{""x"":""00:02:00""","y:32.13","s:""2""}","{""y"":37.44","x:""00:04:00""","s:""1""}","{""x"":""00:04:00""","y:34.13","s:""2""}","{""y"":37.63","x:""00:06:00""","s:""1""}","{""x"":""00:"
"464","2019/1/12 2:16","35.87","滨江大队","34.68","[{""y"":33.38","x:""00:00:00""","s:""1""}","{""x"":""00:00:00""","y:33.22","s:""2""}","{""y"":33.38","x:""00:02:00""","s:""1""}","{""x"":""00:02:00""","y:33.44","s:""2""}","{""y"":33.42","x:""00:04:00""","s:""1""}","{""x"":""00:04:00""","y:33.42","s:""2""}","{""y"":33.33","x:""00:06:00""","s:""1""}","{""x"":""00:"
"465","2019/1/12 2:16","43.13","萧山大队","40","[{""y"":39.77","x:""00:00:00""","s:""1""}","{""x"":""00:00:00""","y:39.01","s:""2""}","{""y"":39.34","x:""00:02:00""","s:""1""}","{""x"":""00:02:00""","y:38.8","s:""2""}","{""y"":39.57","x:""00:04:00""","s:""1""}","{""x"":""00:04:00""","y:38.82","s:""2""}","{""y"":39.87","x:""00:06:00""","s:""1""}","{""x"":""00:0"
"466","2019/1/12 2:16","33.11","西湖大队","32.64","[{""y"":31.45","x:""00:00:00""","s:""1""}","{""x"":""00:00:00""","y:31.86","s:""2""}","{""y"":31.39","x:""00:02:00""","s:""1""}","{""x"":""00:02:00""","y:32.19","s:""2""}","{""y"":31.56","x:""00:04:00""","s:""1""}","{""x"":""00:04:00""","y:32.32","s:""2""}","{""y"":31.56","x:""00:06:00""","s:""1""}","{""x"":""00:"
"467","2019/1/12 2:18","30.2","上城大队","30.19","[{""y"":28.65","x:""00:00:00""","s:""1""}","{""x"":""00:00:00""","y:28.86","s:""2""}","{""y"":28.44","x:""00:02:00""","s:""1""}","{""x"":""00:02:00""","y:29.54","s:""2""}","{""y"":28.39","x:""00:04:00""","s:""1""}","{""x"":""00:04:00""","y:28.92","s:""2""}","{""y"":28.41","x:""00:06:00""","s:""1""}","{""x"":""00:"
"468","2019/1/12 2:18","29.72","下城大队","29.74","[{""y"":27.94","x:""00:00:00""","s:""1""}","{""x"":""00:00:00""","y:28.69","s:""2""}","{""y"":28.01","x:""00:02:00""","s:""1""}","{""x"":""00:02:00""","y:28.63","s:""2""}","{""y"":28","x:""00:04:00""","s:""1""}","{""x"":""00:04:00""","y:28.66","s:""2""}","{""y"":28.04","x:""00:06:00""","s:""1""}","{""x"":""00:06:"
"469","2019/1/12 2:18","32.89","下沙大队","34.16","[{""y"":31.78","x:""00:00:00""","s:""1""}","{""x"":""00:00:00""","y:33.02","s:""2""}","{""y"":31.73","x:""00:02:00""","s:""1""}","{""x"":""00:02:00""","y:33.25","s:""2""}","{""y"":31.94","x:""00:04:00""","s:""1""}","{""x"":""00:04:00""","y:32.58","s:""2""}","{""y"":32.02","x:""00:06:00""","s:""1""}","{""x"":""00:"
"47","2019/1/12 0:12","28.47","上城大队","31","[{""y"":28.65","x:""00:00:00""","s:""1""}","{""x"":""00:00:00""","y:28.86","s:""2""}","{""y"":28.44","x:""00:02:00""","s:""1""}","{""x"":""00:02:00""","y:29.54","s:""2""}","{""y"":28.39","x:""00:04:00""","s:""1""}","{""x"":""00:04:00""","y:28.92","s:""2""}","{""y"":28.41","x:""00:06:00""","s:""1""}","{""x"":""00:"
"470","2019/1/12 2:18","38.3","临安大队","35.69","[{""y"":43.53","x:""00:00:00""","s:""1""}","{""x"":""00:00:00""","y:37.98","s:""2""}","{""y"":42.09","x:""00:02:00""","s:""1""}","{""x"":""00:02:00""","y:43.36","s:""2""}","{""y"":41.85","x:""00:04:00""","s:""1""}","{""x"":""00:04:00""","y:42.97","s:""2""}","{""y"":41.02","x:""00:06:00""","s:""1""}","{""x"":""00:"
"471","2019/1/12 2:18","31.9","主城区","31.62","[{""y"":30.45","x:""00:00:00""","s:""1""}","{""x"":""00:00:00""","y:30.92","s:""2""}","{""y"":30.44","x:""00:02:00""","s:""1""}","{""x"":""00:02:00""","y:31.2","s:""2""}","{""y"":30.48","x:""00:04:00""","s:""1""}","{""x"":""00:04:00""","y:31.06","s:""2""}","{""y"":30.49","x:""00:06:00""","s:""1""}","{""x"":""00:0"
"472","2019/1/12 2:18","36.49","余杭大队","35.26","[{""y"":36.37","x:""00:00:00""","s:""1""}","{""x"":""00:00:00""","y:35.51","s:""2""}","{""y"":36.47","x:""00:02:00""","s:""1""}","{""x"":""00:02:00""","y:35.92","s:""2""}","{""y"":36.48","x:""00:04:00""","s:""1""}","{""x"":""00:04:00""","y:36.02","s:""2""}","{""y"":36.23","x:""00:06:00""","s:""1""}","{""x"":""00:"
"473","2019/1/12 2:18","47.48","大江东大队","44.89","[{""y"":47.21","x:""00:00:00""","s:""1""}","{""x"":""00:00:00""","y:46.46","s:""2""}","{""y"":47.5","x:""00:02:00""","s:""1""}","{""x"":""00:02:00""","y:47.48","s:""2""}","{""y"":47.01","x:""00:04:00""","s:""1""}","{""x"":""00:04:00""","y:47.41","s:""2""}","{""y"":46.76","x:""00:06:00""","s:""1""}","{""x"":""00:0"
"474","2019/1/12 2:18","44.51","富阳大队","44.7","[{""y"":41.59","x:""00:00:00""","s:""1""}","{""x"":""00:00:00""","y:34.53","s:""2""}","{""y"":41.31","x:""00:02:00""","s:""1""}","{""x"":""00:02:00""","y:40.01","s:""2""}","{""y"":41.55","x:""00:04:00""","s:""1""}","{""x"":""00:04:00""","y:32.89","s:""2""}","{""y"":41.75","x:""00:06:00""","s:""1""}","{""x"":""00:"
"475","2019/1/12 2:18","39.78","建德大队","42.08","[{""y"":36.11","x:""00:00:00""","s:""1""}","{""x"":""00:00:00""","y:35.36","s:""2""}","{""y"":36.25","x:""00:02:00""","s:""1""}","{""x"":""00:02:00""","y:36.38","s:""2""}","{""y"":36.37","x:""00:04:00""","s:""1""}","{""x"":""00:04:00""","y:35.85","s:""2""}","{""y"":36.09","x:""00:06:00""","s:""1""}","{""x"":""00:"
"476","2019/1/12 2:18","30.66","拱墅大队","29.9","[{""y"":29","x:""00:00:00""","s:""1""}","{""x"":""00:00:00""","y:28.99","s:""2""}","{""y"":29.07","x:""00:02:00""","s:""1""}","{""x"":""00:02:00""","y:29.35","s:""2""}","{""y"":29.12","x:""00:04:00""","s:""1""}","{""x"":""00:04:00""","y:29.07","s:""2""}","{""y"":29.09","x:""00:06:00""","s:""1""}","{""x"":""00:06:"
"477","2019/1/12 2:18","37.48","景区大队","37.93","[{""y"":35.22","x:""00:00:00""","s:""1""}","{""x"":""00:00:00""","y:38.65","s:""2""}","{""y"":35.02","x:""00:02:00""","s:""1""}","{""x"":""00:02:00""","y:40.1","s:""2""}","{""y"":34.98","x:""00:04:00""","s:""1""}","{""x"":""00:04:00""","y:40.28","s:""2""}","{""y"":34.87","x:""00:06:00""","s:""1""}","{""x"":""00:0"
"478","2019/1/12 2:18","37.91","桐庐大队","35.18","[{""y"":34.81","x:""00:00:00""","s:""1""}","{""x"":""00:00:00""","y:36.67","s:""2""}","{""y"":35.94","x:""00:02:00""","s:""1""}","{""x"":""00:02:00""","y:37.66","s:""2""}","{""y"":35.75","x:""00:04:00""","s:""1""}","{""x"":""00:04:00""","y:36.04","s:""2""}","{""y"":36.98","x:""00:06:00""","s:""1""}","{""x"":""00:"
"479","2019/1/12 2:18","32.56","江干大队","32.68","[{""y"":31.05","x:""00:00:00""","s:""1""}","{""x"":""00:00:00""","y:31.64","s:""2""}","{""y"":31.09","x:""00:02:00""","s:""1""}","{""x"":""00:02:00""","y:31.66","s:""2""}","{""y"":31.07","x:""00:04:00""","s:""1""}","{""x"":""00:04:00""","y:31.5","s:""2""}","{""y"":31.13","x:""00:06:00""","s:""1""}","{""x"":""00:0"
"48","2019/1/12 0:12","28.26","下城大队","29.65","[{""y"":27.94","x:""00:00:00""","s:""1""}","{""x"":""00:00:00""","y:28.69","s:""2""}","{""y"":28.01","x:""00:02:00""","s:""1""}","{""x"":""00:02:00""","y:28.63","s:""2""}","{""y"":28","x:""00:04:00""","s:""1""}","{""x"":""00:04:00""","y:28.66","s:""2""}","{""y"":28.04","x:""00:06:00""","s:""1""}","{""x"":""00:06:"
"480","2019/1/12 2:18","39.39","淳安大队","37.48","[{""y"":37.38","x:""00:00:00""","s:""1""}","{""x"":""00:00:00""","y:32.32","s:""2""}","{""y"":37.27","x:""00:02:00""","s:""1""}","{""x"":""00:02:00""","y:32.13","s:""2""}","{""y"":37.44","x:""00:04:00""","s:""1""}","{""x"":""00:04:00""","y:34.13","s:""2""}","{""y"":37.63","x:""00:06:00""","s:""1""}","{""x"":""00:"
"481","2019/1/12 2:18","35.92","滨江大队","34.69","[{""y"":33.38","x:""00:00:00""","s:""1""}","{""x"":""00:00:00""","y:33.22","s:""2""}","{""y"":33.38","x:""00:02:00""","s:""1""}","{""x"":""00:02:00""","y:33.44","s:""2""}","{""y"":33.42","x:""00:04:00""","s:""1""}","{""x"":""00:04:00""","y:33.42","s:""2""}","{""y"":33.33","x:""00:06:00""","s:""1""}","{""x"":""00:"
"482","2019/1/12 2:18","42.95","萧山大队","38.31","[{""y"":39.77","x:""00:00:00""","s:""1""}","{""x"":""00:00:00""","y:39.01","s:""2""}","{""y"":39.34","x:""00:02:00""","s:""1""}","{""x"":""00:02:00""","y:38.8","s:""2""}","{""y"":39.57","x:""00:04:00""","s:""1""}","{""x"":""00:04:00""","y:38.82","s:""2""}","{""y"":39.87","x:""00:06:00""","s:""1""}","{""x"":""00:0"
"483","2019/1/12 2:18","33.19","西湖大队","32.44","[{""y"":31.45","x:""00:00:00""","s:""1""}","{""x"":""00:00:00""","y:31.86","s:""2""}","{""y"":31.39","x:""00:02:00""","s:""1""}","{""x"":""00:02:00""","y:32.19","s:""2""}","{""y"":31.56","x:""00:04:00""","s:""1""}","{""x"":""00:04:00""","y:32.32","s:""2""}","{""y"":31.56","x:""00:06:00""","s:""1""}","{""x"":""00:"
"484","2019/1/12 2:20","30.23","上城大队","29.93","[{""y"":28.65","x:""00:00:00""","s:""1""}","{""x"":""00:00:00""","y:28.86","s:""2""}","{""y"":28.44","x:""00:02:00""","s:""1""}","{""x"":""00:02:00""","y:29.54","s:""2""}","{""y"":28.39","x:""00:04:00""","s:""1""}","{""x"":""00:04:00""","y:28.92","s:""2""}","{""y"":28.41","x:""00:06:00""","s:""1""}","{""x"":""00:"
"485","2019/1/12 2:20","29.84","下城大队","29.74","[{""y"":27.94","x:""00:00:00""","s:""1""}","{""x"":""00:00:00""","y:28.69","s:""2""}","{""y"":28.01","x:""00:02:00""","s:""1""}","{""x"":""00:02:00""","y:28.63","s:""2""}","{""y"":28","x:""00:04:00""","s:""1""}","{""x"":""00:04:00""","y:28.66","s:""2""}","{""y"":28.04","x:""00:06:00""","s:""1""}","{""x"":""00:06:"
"486","2019/1/12 2:20","33.44","下沙大队","34.43","[{""y"":31.78","x:""00:00:00""","s:""1""}","{""x"":""00:00:00""","y:33.02","s:""2""}","{""y"":31.73","x:""00:02:00""","s:""1""}","{""x"":""00:02:00""","y:33.25","s:""2""}","{""y"":31.94","x:""00:04:00""","s:""1""}","{""x"":""00:04:00""","y:32.58","s:""2""}","{""y"":32.02","x:""00:06:00""","s:""1""}","{""x"":""00:"
"487","2019/1/12 2:20","37.83","临安大队","38.92","[{""y"":43.53","x:""00:00:00""","s:""1""}","{""x"":""00:00:00""","y:37.98","s:""2""}","{""y"":42.09","x:""00:02:00""","s:""1""}","{""x"":""00:02:00""","y:43.36","s:""2""}","{""y"":41.85","x:""00:04:00""","s:""1""}","{""x"":""00:04:00""","y:42.97","s:""2""}","{""y"":41.02","x:""00:06:00""","s:""1""}","{""x"":""00:"
"488","2019/1/12 2:20","31.96","主城区","31.52","[{""y"":30.45","x:""00:00:00""","s:""1""}","{""x"":""00:00:00""","y:30.92","s:""2""}","{""y"":30.44","x:""00:02:00""","s:""1""}","{""x"":""00:02:00""","y:31.2","s:""2""}","{""y"":30.48","x:""00:04:00""","s:""1""}","{""x"":""00:04:00""","y:31.06","s:""2""}","{""y"":30.49","x:""00:06:00""","s:""1""}","{""x"":""00:0"
"489","2019/1/12 2:20","36.71","余杭大队","35.01","[{""y"":36.37","x:""00:00:00""","s:""1""}","{""x"":""00:00:00""","y:35.51","s:""2""}","{""y"":36.47","x:""00:02:00""","s:""1""}","{""x"":""00:02:00""","y:35.92","s:""2""}","{""y"":36.48","x:""00:04:00""","s:""1""}","{""x"":""00:04:00""","y:36.02","s:""2""}","{""y"":36.23","x:""00:06:00""","s:""1""}","{""x"":""00:"
"49","2019/1/12 0:12","32.01","下沙大队","32.03","[{""y"":31.78","x:""00:00:00""","s:""1""}","{""x"":""00:00:00""","y:33.02","s:""2""}","{""y"":31.73","x:""00:02:00""","s:""1""}","{""x"":""00:02:00""","y:33.25","s:""2""}","{""y"":31.94","x:""00:04:00""","s:""1""}","{""x"":""00:04:00""","y:32.58","s:""2""}","{""y"":32.02","x:""00:06:00""","s:""1""}","{""x"":""00:"
"490","2019/1/12 2:20","46.81","大江东大队","45.34","[{""y"":47.21","x:""00:00:00""","s:""1""}","{""x"":""00:00:00""","y:46.46","s:""2""}","{""y"":47.5","x:""00:02:00""","s:""1""}","{""x"":""00:02:00""","y:47.48","s:""2""}","{""y"":47.01","x:""00:04:00""","s:""1""}","{""x"":""00:04:00""","y:47.41","s:""2""}","{""y"":46.76","x:""00:06:00""","s:""1""}","{""x"":""00:0"
"491","2019/1/12 2:20","45.03","富阳大队","42.91","[{""y"":41.59","x:""00:00:00""","s:""1""}","{""x"":""00:00:00""","y:34.53","s:""2""}","{""y"":41.31","x:""00:02:00""","s:""1""}","{""x"":""00:02:00""","y:40.01","s:""2""}","{""y"":41.55","x:""00:04:00""","s:""1""}","{""x"":""00:04:00""","y:32.89","s:""2""}","{""y"":41.75","x:""00:06:00""","s:""1""}","{""x"":""00:"
"492","2019/1/12 2:20","38.87","建德大队","40.04","[{""y"":36.11","x:""00:00:00""","s:""1""}","{""x"":""00:00:00""","y:35.36","s:""2""}","{""y"":36.25","x:""00:02:00""","s:""1""}","{""x"":""00:02:00""","y:36.38","s:""2""}","{""y"":36.37","x:""00:04:00""","s:""1""}","{""x"":""00:04:00""","y:35.85","s:""2""}","{""y"":36.09","x:""00:06:00""","s:""1""}","{""x"":""00:"
"493","2019/1/12 2:20","30.72","拱墅大队","30.09","[{""y"":29","x:""00:00:00""","s:""1""}","{""x"":""00:00:00""","y:28.99","s:""2""}","{""y"":29.07","x:""00:02:00""","s:""1""}","{""x"":""00:02:00""","y:29.35","s:""2""}","{""y"":29.12","x:""00:04:00""","s:""1""}","{""x"":""00:04:00""","y:29.07","s:""2""}","{""y"":29.09","x:""00:06:00""","s:""1""}","{""x"":""00:06:"
"494","2019/1/12 2:20","37.07","景区大队","38.74","[{""y"":35.22","x:""00:00:00""","s:""1""}","{""x"":""00:00:00""","y:38.65","s:""2""}","{""y"":35.02","x:""00:02:00""","s:""1""}","{""x"":""00:02:00""","y:40.1","s:""2""}","{""y"":34.98","x:""00:04:00""","s:""1""}","{""x"":""00:04:00""","y:40.28","s:""2""}","{""y"":34.87","x:""00:06:00""","s:""1""}","{""x"":""00:0"
"495","2019/1/12 2:20","39.65","桐庐大队","38.89","[{""y"":34.81","x:""00:00:00""","s:""1""}","{""x"":""00:00:00""","y:36.67","s:""2""}","{""y"":35.94","x:""00:02:00""","s:""1""}","{""x"":""00:02:00""","y:37.66","s:""2""}","{""y"":35.75","x:""00:04:00""","s:""1""}","{""x"":""00:04:00""","y:36.04","s:""2""}","{""y"":36.98","x:""00:06:00""","s:""1""}","{""x"":""00:"
"496","2019/1/12 2:20","32.62","江干大队","32.47","[{""y"":31.05","x:""00:00:00""","s:""1""}","{""x"":""00:00:00""","y:31.64","s:""2""}","{""y"":31.09","x:""00:02:00""","s:""1""}","{""x"":""00:02:00""","y:31.66","s:""2""}","{""y"":31.07","x:""00:04:00""","s:""1""}","{""x"":""00:04:00""","y:31.5","s:""2""}","{""y"":31.13","x:""00:06:00""","s:""1""}","{""x"":""00:0"
"497","2019/1/12 2:20","39.71","淳安大队","40","[{""y"":37.38","x:""00:00:00""","s:""1""}","{""x"":""00:00:00""","y:32.32","s:""2""}","{""y"":37.27","x:""00:02:00""","s:""1""}","{""x"":""00:02:00""","y:32.13","s:""2""}","{""y"":37.44","x:""00:04:00""","s:""1""}","{""x"":""00:04:00""","y:34.13","s:""2""}","{""y"":37.63","x:""00:06:00""","s:""1""}","{""x"":""00:"
"498","2019/1/12 2:20","35.75","滨江大队","34.76","[{""y"":33.38","x:""00:00:00""","s:""1""}","{""x"":""00:00:00""","y:33.22","s:""2""}","{""y"":33.38","x:""00:02:00""","s:""1""}","{""x"":""00:02:00""","y:33.44","s:""2""}","{""y"":33.42","x:""00:04:00""","s:""1""}","{""x"":""00:04:00""","y:33.42","s:""2""}","{""y"":33.33","x:""00:06:00""","s:""1""}","{""x"":""00:"
"499","2019/1/12 2:20","42.77","萧山大队","39","[{""y"":39.77","x:""00:00:00""","s:""1""}","{""x"":""00:00:00""","y:39.01","s:""2""}","{""y"":39.34","x:""00:02:00""","s:""1""}","{""x"":""00:02:00""","y:38.8","s:""2""}","{""y"":39.57","x:""00:04:00""","s:""1""}","{""x"":""00:04:00""","y:38.82","s:""2""}","{""y"":39.87","x:""00:06:00""","s:""1""}","{""x"":""00:0"
"5","2019/1/12 0:04","31.56","西湖大队","32.32","[{""y"":31.45","x:""00:00:00""","s:""1""}","{""x"":""00:00:00""","y:31.86","s:""2""}","{""y"":31.39","x:""00:02:00""","s:""1""}","{""x"":""00:02:00""","y:32.19","s:""2""}","{""y"":31.56","x:""00:04:00""","s:""1""}","{""x"":""00:04:00""","y:32.32","s:""2""}","{""y"":31.56","x:""00:06:00""","s:""1""}","{""y"":31.6"
"50","2019/1/12 0:12","41.26","临安大队","43.29","[{""y"":43.53","x:""00:00:00""","s:""1""}","{""x"":""00:00:00""","y:37.98","s:""2""}","{""y"":42.09","x:""00:02:00""","s:""1""}","{""x"":""00:02:00""","y:43.36","s:""2""}","{""y"":41.85","x:""00:04:00""","s:""1""}","{""x"":""00:04:00""","y:42.97","s:""2""}","{""y"":41.02","x:""00:06:00""","s:""1""}","{""x"":""00:"
"500","2019/1/12 2:20","33.26","西湖大队","32.05","[{""y"":31.45","x:""00:00:00""","s:""1""}","{""x"":""00:00:00""","y:31.86","s:""2""}","{""y"":31.39","x:""00:02:00""","s:""1""}","{""x"":""00:02:00""","y:32.19","s:""2""}","{""y"":31.56","x:""00:04:00""","s:""1""}","{""x"":""00:04:00""","y:32.32","s:""2""}","{""y"":31.56","x:""00:06:00""","s:""1""}","{""x"":""00:"
"501","2019/1/12 2:22","32.58","江干大队","32.39","[{""y"":31.05","x:""00:00:00""","s:""1""}","{""x"":""00:00:00""","y:31.64","s:""2""}","{""y"":31.09","x:""00:02:00""","s:""1""}","{""x"":""00:02:00""","y:31.66","s:""2""}","{""y"":31.07","x:""00:04:00""","s:""1""}","{""x"":""00:04:00""","y:31.5","s:""2""}","{""y"":31.13","x:""00:06:00""","s:""1""}","{""x"":""00:0"
"502","2019/1/12 2:22","33.27","西湖大队","32.69","[{""y"":31.45","x:""00:00:00""","s:""1""}","{""x"":""00:00:00""","y:31.86","s:""2""}","{""y"":31.39","x:""00:02:00""","s:""1""}","{""x"":""00:02:00""","y:32.19","s:""2""}","{""y"":31.56","x:""00:04:00""","s:""1""}","{""x"":""00:04:00""","y:32.32","s:""2""}","{""y"":31.56","x:""00:06:00""","s:""1""}","{""x"":""00:"
"503","2019/1/12 2:24","30.11","上城大队","29.79","[{""y"":28.65","x:""00:00:00""","s:""1""}","{""x"":""00:00:00""","y:28.86","s:""2""}","{""y"":28.44","x:""00:02:00""","s:""1""}","{""x"":""00:02:00""","y:29.54","s:""2""}","{""y"":28.39","x:""00:04:00""","s:""1""}","{""x"":""00:04:00""","y:28.92","s:""2""}","{""y"":28.41","x:""00:06:00""","s:""1""}","{""x"":""00:"
"504","2019/1/12 2:24","29.88","下城大队","30.18","[{""y"":27.94","x:""00:00:00""","s:""1""}","{""x"":""00:00:00""","y:28.69","s:""2""}","{""y"":28.01","x:""00:02:00""","s:""1""}","{""x"":""00:02:00""","y:28.63","s:""2""}","{""y"":28","x:""00:04:00""","s:""1""}","{""x"":""00:04:00""","y:28.66","s:""2""}","{""y"":28.04","x:""00:06:00""","s:""1""}","{""x"":""00:06:"
"505","2019/1/12 2:24","33.37","下沙大队","34.38","[{""y"":31.78","x:""00:00:00""","s:""1""}","{""x"":""00:00:00""","y:33.02","s:""2""}","{""y"":31.73","x:""00:02:00""","s:""1""}","{""x"":""00:02:00""","y:33.25","s:""2""}","{""y"":31.94","x:""00:04:00""","s:""1""}","{""x"":""00:04:00""","y:32.58","s:""2""}","{""y"":32.02","x:""00:06:00""","s:""1""}","{""x"":""00:"
"506","2019/1/12 2:24","37.49","临安大队","37.55","[{""y"":43.53","x:""00:00:00""","s:""1""}","{""x"":""00:00:00""","y:37.98","s:""2""}","{""y"":42.09","x:""00:02:00""","s:""1""}","{""x"":""00:02:00""","y:43.36","s:""2""}","{""y"":41.85","x:""00:04:00""","s:""1""}","{""x"":""00:04:00""","y:42.97","s:""2""}","{""y"":41.02","x:""00:06:00""","s:""1""}","{""x"":""00:"
"507","2019/1/12 2:24","31.97","主城区","31.83","[{""y"":30.45","x:""00:00:00""","s:""1""}","{""x"":""00:00:00""","y:30.92","s:""2""}","{""y"":30.44","x:""00:02:00""","s:""1""}","{""x"":""00:02:00""","y:31.2","s:""2""}","{""y"":30.48","x:""00:04:00""","s:""1""}","{""x"":""00:04:00""","y:31.06","s:""2""}","{""y"":30.49","x:""00:06:00""","s:""1""}","{""x"":""00:0"
"508","2019/1/12 2:24","36.92","余杭大队","35.24","[{""y"":36.37","x:""00:00:00""","s:""1""}","{""x"":""00:00:00""","y:35.51","s:""2""}","{""y"":36.47","x:""00:02:00""","s:""1""}","{""x"":""00:02:00""","y:35.92","s:""2""}","{""y"":36.48","x:""00:04:00""","s:""1""}","{""x"":""00:04:00""","y:36.02","s:""2""}","{""y"":36.23","x:""00:06:00""","s:""1""}","{""x"":""00:"
"509","2019/1/12 2:24","46.71","大江东大队","42.5","[{""y"":47.21","x:""00:00:00""","s:""1""}","{""x"":""00:00:00""","y:46.46","s:""2""}","{""y"":47.5","x:""00:02:00""","s:""1""}","{""x"":""00:02:00""","y:47.48","s:""2""}","{""y"":47.01","x:""00:04:00""","s:""1""}","{""x"":""00:04:00""","y:47.41","s:""2""}","{""y"":46.76","x:""00:06:00""","s:""1""}","{""x"":""00:0"
"51","2019/1/12 0:12","30.55","主城区","31.35","[{""y"":30.45","x:""00:00:00""","s:""1""}","{""x"":""00:00:00""","y:30.92","s:""2""}","{""y"":30.44","x:""00:02:00""","s:""1""}","{""x"":""00:02:00""","y:31.2","s:""2""}","{""y"":30.48","x:""00:04:00""","s:""1""}","{""x"":""00:04:00""","y:31.06","s:""2""}","{""y"":30.49","x:""00:06:00""","s:""1""}","{""x"":""00:0"
"510","2019/1/12 2:24","44.57","富阳大队","42.58","[{""y"":41.59","x:""00:00:00""","s:""1""}","{""x"":""00:00:00""","y:34.53","s:""2""}","{""y"":41.31","x:""00:02:00""","s:""1""}","{""x"":""00:02:00""","y:40.01","s:""2""}","{""y"":41.55","x:""00:04:00""","s:""1""}","{""x"":""00:04:00""","y:32.89","s:""2""}","{""y"":41.75","x:""00:06:00""","s:""1""}","{""x"":""00:"
"511","2019/1/12 2:24","39.54","建德大队","40.05","[{""y"":36.11","x:""00:00:00""","s:""1""}","{""x"":""00:00:00""","y:35.36","s:""2""}","{""y"":36.25","x:""00:02:00""","s:""1""}","{""x"":""00:02:00""","y:36.38","s:""2""}","{""y"":36.37","x:""00:04:00""","s:""1""}","{""x"":""00:04:00""","y:35.85","s:""2""}","{""y"":36.09","x:""00:06:00""","s:""1""}","{""x"":""00:"
"512","2019/1/12 2:24","30.75","拱墅大队","29.78","[{""y"":29","x:""00:00:00""","s:""1""}","{""x"":""00:00:00""","y:28.99","s:""2""}","{""y"":29.07","x:""00:02:00""","s:""1""}","{""x"":""00:02:00""","y:29.35","s:""2""}","{""y"":29.12","x:""00:04:00""","s:""1""}","{""x"":""00:04:00""","y:29.07","s:""2""}","{""y"":29.09","x:""00:06:00""","s:""1""}","{""x"":""00:06:"
"513","2019/1/12 2:24","36.73","景区大队","39.25","[{""y"":35.22","x:""00:00:00""","s:""1""}","{""x"":""00:00:00""","y:38.65","s:""2""}","{""y"":35.02","x:""00:02:00""","s:""1""}","{""x"":""00:02:00""","y:40.1","s:""2""}","{""y"":34.98","x:""00:04:00""","s:""1""}","{""x"":""00:04:00""","y:40.28","s:""2""}","{""y"":34.87","x:""00:06:00""","s:""1""}","{""x"":""00:0"
"514","2019/1/12 2:24","39.85","桐庐大队","40.11","[{""y"":34.81","x:""00:00:00""","s:""1""}","{""x"":""00:00:00""","y:36.67","s:""2""}","{""y"":35.94","x:""00:02:00""","s:""1""}","{""x"":""00:02:00""","y:37.66","s:""2""}","{""y"":35.75","x:""00:04:00""","s:""1""}","{""x"":""00:04:00""","y:36.04","s:""2""}","{""y"":36.98","x:""00:06:00""","s:""1""}","{""x"":""00:"
"515","2019/1/12 2:24","32.79","江干大队","32.56","[{""y"":31.05","x:""00:00:00""","s:""1""}","{""x"":""00:00:00""","y:31.64","s:""2""}","{""y"":31.09","x:""00:02:00""","s:""1""}","{""x"":""00:02:00""","y:31.66","s:""2""}","{""y"":31.07","x:""00:04:00""","s:""1""}","{""x"":""00:04:00""","y:31.5","s:""2""}","{""y"":31.13","x:""00:06:00""","s:""1""}","{""x"":""00:0"
"516","2019/1/12 2:24","39.78","淳安大队","40","[{""y"":37.38","x:""00:00:00""","s:""1""}","{""x"":""00:00:00""","y:32.32","s:""2""}","{""y"":37.27","x:""00:02:00""","s:""1""}","{""x"":""00:02:00""","y:32.13","s:""2""}","{""y"":37.44","x:""00:04:00""","s:""1""}","{""x"":""00:04:00""","y:34.13","s:""2""}","{""y"":37.63","x:""00:06:00""","s:""1""}","{""x"":""00:"
"517","2019/1/12 2:24","35.59","滨江大队","33.98","[{""y"":33.38","x:""00:00:00""","s:""1""}","{""x"":""00:00:00""","y:33.22","s:""2""}","{""y"":33.38","x:""00:02:00""","s:""1""}","{""x"":""00:02:00""","y:33.44","s:""2""}","{""y"":33.42","x:""00:04:00""","s:""1""}","{""x"":""00:04:00""","y:33.42","s:""2""}","{""y"":33.33","x:""00:06:00""","s:""1""}","{""x"":""00:"
"518","2019/1/12 2:24","43.2","萧山大队","38.73","[{""y"":39.77","x:""00:00:00""","s:""1""}","{""x"":""00:00:00""","y:39.01","s:""2""}","{""y"":39.34","x:""00:02:00""","s:""1""}","{""x"":""00:02:00""","y:38.8","s:""2""}","{""y"":39.57","x:""00:04:00""","s:""1""}","{""x"":""00:04:00""","y:38.82","s:""2""}","{""y"":39.87","x:""00:06:00""","s:""1""}","{""x"":""00:0"
"519","2019/1/12 2:24","33.27","西湖大队","33.18","[{""y"":31.45","x:""00:00:00""","s:""1""}","{""x"":""00:00:00""","y:31.86","s:""2""}","{""y"":31.39","x:""00:02:00""","s:""1""}","{""x"":""00:02:00""","y:32.19","s:""2""}","{""y"":31.56","x:""00:04:00""","s:""1""}","{""x"":""00:04:00""","y:32.32","s:""2""}","{""y"":31.56","x:""00:06:00""","s:""1""}","{""x"":""00:"
"52","2019/1/12 0:12","35.76","余杭大队","35.2","[{""y"":36.37","x:""00:00:00""","s:""1""}","{""x"":""00:00:00""","y:35.51","s:""2""}","{""y"":36.47","x:""00:02:00""","s:""1""}","{""x"":""00:02:00""","y:35.92","s:""2""}","{""y"":36.48","x:""00:04:00""","s:""1""}","{""x"":""00:04:00""","y:36.02","s:""2""}","{""y"":36.23","x:""00:06:00""","s:""1""}","{""x"":""00:"
"520","2019/1/12 2:26","30.19","上城大队","29.85","[{""y"":28.65","x:""00:00:00""","s:""1""}","{""x"":""00:00:00""","y:28.86","s:""2""}","{""y"":28.44","x:""00:02:00""","s:""1""}","{""x"":""00:02:00""","y:29.54","s:""2""}","{""y"":28.39","x:""00:04:00""","s:""1""}","{""x"":""00:04:00""","y:28.92","s:""2""}","{""y"":28.41","x:""00:06:00""","s:""1""}","{""x"":""00:"
"521","2019/1/12 2:26","29.97","下城大队","30.12","[{""y"":27.94","x:""00:00:00""","s:""1""}","{""x"":""00:00:00""","y:28.69","s:""2""}","{""y"":28.01","x:""00:02:00""","s:""1""}","{""x"":""00:02:00""","y:28.63","s:""2""}","{""y"":28","x:""00:04:00""","s:""1""}","{""x"":""00:04:00""","y:28.66","s:""2""}","{""y"":28.04","x:""00:06:00""","s:""1""}","{""x"":""00:06:"
"522","2019/1/12 2:26","33.53","下沙大队","34.39","[{""y"":31.78","x:""00:00:00""","s:""1""}","{""x"":""00:00:00""","y:33.02","s:""2""}","{""y"":31.73","x:""00:02:00""","s:""1""}","{""x"":""00:02:00""","y:33.25","s:""2""}","{""y"":31.94","x:""00:04:00""","s:""1""}","{""x"":""00:04:00""","y:32.58","s:""2""}","{""y"":32.02","x:""00:06:00""","s:""1""}","{""x"":""00:"
"523","2019/1/12 2:26","37.71","临安大队","37.55","[{""y"":43.53","x:""00:00:00""","s:""1""}","{""x"":""00:00:00""","y:37.98","s:""2""}","{""y"":42.09","x:""00:02:00""","s:""1""}","{""x"":""00:02:00""","y:43.36","s:""2""}","{""y"":41.85","x:""00:04:00""","s:""1""}","{""x"":""00:04:00""","y:42.97","s:""2""}","{""y"":41.02","x:""00:06:00""","s:""1""}","{""x"":""00:"
"524","2019/1/12 2:26","31.99","主城区","31.87","[{""y"":30.45","x:""00:00:00""","s:""1""}","{""x"":""00:00:00""","y:30.92","s:""2""}","{""y"":30.44","x:""00:02:00""","s:""1""}","{""x"":""00:02:00""","y:31.2","s:""2""}","{""y"":30.48","x:""00:04:00""","s:""1""}","{""x"":""00:04:00""","y:31.06","s:""2""}","{""y"":30.49","x:""00:06:00""","s:""1""}","{""x"":""00:0"
"525","2019/1/12 2:26","36.84","余杭大队","35.93","[{""y"":36.37","x:""00:00:00""","s:""1""}","{""x"":""00:00:00""","y:35.51","s:""2""}","{""y"":36.47","x:""00:02:00""","s:""1""}","{""x"":""00:02:00""","y:35.92","s:""2""}","{""y"":36.48","x:""00:04:00""","s:""1""}","{""x"":""00:04:00""","y:36.02","s:""2""}","{""y"":36.23","x:""00:06:00""","s:""1""}","{""x"":""00:"
"526","2019/1/12 2:26","46.63","大江东大队","42.95","[{""y"":47.21","x:""00:00:00""","s:""1""}","{""x"":""00:00:00""","y:46.46","s:""2""}","{""y"":47.5","x:""00:02:00""","s:""1""}","{""x"":""00:02:00""","y:47.48","s:""2""}","{""y"":47.01","x:""00:04:00""","s:""1""}","{""x"":""00:04:00""","y:47.41","s:""2""}","{""y"":46.76","x:""00:06:00""","s:""1""}","{""x"":""00:0"
"527","2019/1/12 2:26","44.17","富阳大队","42.73","[{""y"":41.59","x:""00:00:00""","s:""1""}","{""x"":""00:00:00""","y:34.53","s:""2""}","{""y"":41.31","x:""00:02:00""","s:""1""}","{""x"":""00:02:00""","y:40.01","s:""2""}","{""y"":41.55","x:""00:04:00""","s:""1""}","{""x"":""00:04:00""","y:32.89","s:""2""}","{""y"":41.75","x:""00:06:00""","s:""1""}","{""x"":""00:"
"528","2019/1/12 2:26","39.29","建德大队","39.26","[{""y"":36.11","x:""00:00:00""","s:""1""}","{""x"":""00:00:00""","y:35.36","s:""2""}","{""y"":36.25","x:""00:02:00""","s:""1""}","{""x"":""00:02:00""","y:36.38","s:""2""}","{""y"":36.37","x:""00:04:00""","s:""1""}","{""x"":""00:04:00""","y:35.85","s:""2""}","{""y"":36.09","x:""00:06:00""","s:""1""}","{""x"":""00:"
"529","2019/1/12 2:26","30.77","拱墅大队","29.83","[{""y"":29","x:""00:00:00""","s:""1""}","{""x"":""00:00:00""","y:28.99","s:""2""}","{""y"":29.07","x:""00:02:00""","s:""1""}","{""x"":""00:02:00""","y:29.35","s:""2""}","{""y"":29.12","x:""00:04:00""","s:""1""}","{""x"":""00:04:00""","y:29.07","s:""2""}","{""y"":29.09","x:""00:06:00""","s:""1""}","{""x"":""00:06:"
"53","2019/1/12 0:12","47.5","大江东大队","45.88","[{""y"":47.21","x:""00:00:00""","s:""1""}","{""x"":""00:00:00""","y:46.46","s:""2""}","{""y"":47.5","x:""00:02:00""","s:""1""}","{""x"":""00:02:00""","y:47.48","s:""2""}","{""y"":47.01","x:""00:04:00""","s:""1""}","{""x"":""00:04:00""","y:47.41","s:""2""}","{""y"":46.76","x:""00:06:00""","s:""1""}","{""x"":""00:0"
"530","2019/1/12 2:26","36.29","景区大队","39.77","[{""y"":35.22","x:""00:00:00""","s:""1""}","{""x"":""00:00:00""","y:38.65","s:""2""}","{""y"":35.02","x:""00:02:00""","s:""1""}","{""x"":""00:02:00""","y:40.1","s:""2""}","{""y"":34.98","x:""00:04:00""","s:""1""}","{""x"":""00:04:00""","y:40.28","s:""2""}","{""y"":34.87","x:""00:06:00""","s:""1""}","{""x"":""00:0"
"531","2019/1/12 2:26","39.83","桐庐大队","41.08","[{""y"":34.81","x:""00:00:00""","s:""1""}","{""x"":""00:00:00""","y:36.67","s:""2""}","{""y"":35.94","x:""00:02:00""","s:""1""}","{""x"":""00:02:00""","y:37.66","s:""2""}","{""y"":35.75","x:""00:04:00""","s:""1""}","{""x"":""00:04:00""","y:36.04","s:""2""}","{""y"":36.98","x:""00:06:00""","s:""1""}","{""x"":""00:"
"532","2019/1/12 2:26","32.72","江干大队","32.67","[{""y"":31.05","x:""00:00:00""","s:""1""}","{""x"":""00:00:00""","y:31.64","s:""2""}","{""y"":31.09","x:""00:02:00""","s:""1""}","{""x"":""00:02:00""","y:31.66","s:""2""}","{""y"":31.07","x:""00:04:00""","s:""1""}","{""x"":""00:04:00""","y:31.5","s:""2""}","{""y"":31.13","x:""00:06:00""","s:""1""}","{""x"":""00:0"
"533","2019/1/12 2:26","39.76","淳安大队","40","[{""y"":37.38","x:""00:00:00""","s:""1""}","{""x"":""00:00:00""","y:32.32","s:""2""}","{""y"":37.27","x:""00:02:00""","s:""1""}","{""x"":""00:02:00""","y:32.13","s:""2""}","{""y"":37.44","x:""00:04:00""","s:""1""}","{""x"":""00:04:00""","y:34.13","s:""2""}","{""y"":37.63","x:""00:06:00""","s:""1""}","{""x"":""00:"
"534","2019/1/12 2:26","35.77","滨江大队","33.75","[{""y"":33.38","x:""00:00:00""","s:""1""}","{""x"":""00:00:00""","y:33.22","s:""2""}","{""y"":33.38","x:""00:02:00""","s:""1""}","{""x"":""00:02:00""","y:33.44","s:""2""}","{""y"":33.42","x:""00:04:00""","s:""1""}","{""x"":""00:04:00""","y:33.42","s:""2""}","{""y"":33.33","x:""00:06:00""","s:""1""}","{""x"":""00:"
"535","2019/1/12 2:26","43.28","萧山大队","38.53","[{""y"":39.77","x:""00:00:00""","s:""1""}","{""x"":""00:00:00""","y:39.01","s:""2""}","{""y"":39.34","x:""00:02:00""","s:""1""}","{""x"":""00:02:00""","y:38.8","s:""2""}","{""y"":39.57","x:""00:04:00""","s:""1""}","{""x"":""00:04:00""","y:38.82","s:""2""}","{""y"":39.87","x:""00:06:00""","s:""1""}","{""x"":""00:0"
"536","2019/1/12 2:26","33.29","西湖大队","33.3","[{""y"":31.45","x:""00:00:00""","s:""1""}","{""x"":""00:00:00""","y:31.86","s:""2""}","{""y"":31.39","x:""00:02:00""","s:""1""}","{""x"":""00:02:00""","y:32.19","s:""2""}","{""y"":31.56","x:""00:04:00""","s:""1""}","{""x"":""00:04:00""","y:32.32","s:""2""}","{""y"":31.56","x:""00:06:00""","s:""1""}","{""x"":""00:"
"537","2019/1/12 2:28","30.19","上城大队","30.47","[{""y"":28.65","x:""00:00:00""","s:""1""}","{""x"":""00:00:00""","y:28.86","s:""2""}","{""y"":28.44","x:""00:02:00""","s:""1""}","{""x"":""00:02:00""","y:29.54","s:""2""}","{""y"":28.39","x:""00:04:00""","s:""1""}","{""x"":""00:04:00""","y:28.92","s:""2""}","{""y"":28.41","x:""00:06:00""","s:""1""}","{""x"":""00:"
"538","2019/1/12 2:28","29.85","下城大队","30.15","[{""y"":27.94","x:""00:00:00""","s:""1""}","{""x"":""00:00:00""","y:28.69","s:""2""}","{""y"":28.01","x:""00:02:00""","s:""1""}","{""x"":""00:02:00""","y:28.63","s:""2""}","{""y"":28","x:""00:04:00""","s:""1""}","{""x"":""00:04:00""","y:28.66","s:""2""}","{""y"":28.04","x:""00:06:00""","s:""1""}","{""x"":""00:06:"
"539","2019/1/12 2:28","33.55","下沙大队","34.08","[{""y"":31.78","x:""00:00:00""","s:""1""}","{""x"":""00:00:00""","y:33.02","s:""2""}","{""y"":31.73","x:""00:02:00""","s:""1""}","{""x"":""00:02:00""","y:33.25","s:""2""}","{""y"":31.94","x:""00:04:00""","s:""1""}","{""x"":""00:04:00""","y:32.58","s:""2""}","{""y"":32.02","x:""00:06:00""","s:""1""}","{""x"":""00:"
"54","2019/1/12 0:12","43.51","富阳大队","39.56","[{""y"":41.59","x:""00:00:00""","s:""1""}","{""x"":""00:00:00""","y:34.53","s:""2""}","{""y"":41.31","x:""00:02:00""","s:""1""}","{""x"":""00:02:00""","y:40.01","s:""2""}","{""y"":41.55","x:""00:04:00""","s:""1""}","{""x"":""00:04:00""","y:32.89","s:""2""}","{""y"":41.75","x:""00:06:00""","s:""1""}","{""x"":""00:"
"540","2019/1/12 2:28","38.38","临安大队","39.22","[{""y"":43.53","x:""00:00:00""","s:""1""}","{""x"":""00:00:00""","y:37.98","s:""2""}","{""y"":42.09","x:""00:02:00""","s:""1""}","{""x"":""00:02:00""","y:43.36","s:""2""}","{""y"":41.85","x:""00:04:00""","s:""1""}","{""x"":""00:04:00""","y:42.97","s:""2""}","{""y"":41.02","x:""00:06:00""","s:""1""}","{""x"":""00:"
"541","2019/1/12 2:28","31.98","主城区","32.01","[{""y"":30.45","x:""00:00:00""","s:""1""}","{""x"":""00:00:00""","y:30.92","s:""2""}","{""y"":30.44","x:""00:02:00""","s:""1""}","{""x"":""00:02:00""","y:31.2","s:""2""}","{""y"":30.48","x:""00:04:00""","s:""1""}","{""x"":""00:04:00""","y:31.06","s:""2""}","{""y"":30.49","x:""00:06:00""","s:""1""}","{""x"":""00:0"
"542","2019/1/12 2:28","47.78","大江东大队","43.66","[{""y"":47.21","x:""00:00:00""","s:""1""}","{""x"":""00:00:00""","y:46.46","s:""2""}","{""y"":47.5","x:""00:02:00""","s:""1""}","{""x"":""00:02:00""","y:47.48","s:""2""}","{""y"":47.01","x:""00:04:00""","s:""1""}","{""x"":""00:04:00""","y:47.41","s:""2""}","{""y"":46.76","x:""00:06:00""","s:""1""}","{""x"":""00:0"
"543","2019/1/12 2:28","45.06","富阳大队","43.45","[{""y"":41.59","x:""00:00:00""","s:""1""}","{""x"":""00:00:00""","y:34.53","s:""2""}","{""y"":41.31","x:""00:02:00""","s:""1""}","{""x"":""00:02:00""","y:40.01","s:""2""}","{""y"":41.55","x:""00:04:00""","s:""1""}","{""x"":""00:04:00""","y:32.89","s:""2""}","{""y"":41.75","x:""00:06:00""","s:""1""}","{""x"":""00:"
"544","2019/1/12 2:28","30.74","拱墅大队","30.13","[{""y"":29","x:""00:00:00""","s:""1""}","{""x"":""00:00:00""","y:28.99","s:""2""}","{""y"":29.07","x:""00:02:00""","s:""1""}","{""x"":""00:02:00""","y:29.35","s:""2""}","{""y"":29.12","x:""00:04:00""","s:""1""}","{""x"":""00:04:00""","y:29.07","s:""2""}","{""y"":29.09","x:""00:06:00""","s:""1""}","{""x"":""00:06:"
"545","2019/1/12 2:28","36.96","景区大队","39.66","[{""y"":35.22","x:""00:00:00""","s:""1""}","{""x"":""00:00:00""","y:38.65","s:""2""}","{""y"":35.02","x:""00:02:00""","s:""1""}","{""x"":""00:02:00""","y:40.1","s:""2""}","{""y"":34.98","x:""00:04:00""","s:""1""}","{""x"":""00:04:00""","y:40.28","s:""2""}","{""y"":34.87","x:""00:06:00""","s:""1""}","{""x"":""00:0"
"546","2019/1/12 2:28","39.58","淳安大队","40","[{""y"":37.38","x:""00:00:00""","s:""1""}","{""x"":""00:00:00""","y:32.32","s:""2""}","{""y"":37.27","x:""00:02:00""","s:""1""}","{""x"":""00:02:00""","y:32.13","s:""2""}","{""y"":37.44","x:""00:04:00""","s:""1""}","{""x"":""00:04:00""","y:34.13","s:""2""}","{""y"":37.63","x:""00:06:00""","s:""1""}","{""x"":""00:"
"547","2019/1/12 2:28","43.19","萧山大队","37.72","[{""y"":39.77","x:""00:00:00""","s:""1""}","{""x"":""00:00:00""","y:39.01","s:""2""}","{""y"":39.34","x:""00:02:00""","s:""1""}","{""x"":""00:02:00""","y:38.8","s:""2""}","{""y"":39.57","x:""00:04:00""","s:""1""}","{""x"":""00:04:00""","y:38.82","s:""2""}","{""y"":39.87","x:""00:06:00""","s:""1""}","{""x"":""00:0"
"548","2019/1/12 2:28","33.31","西湖大队","33.75","[{""y"":31.45","x:""00:00:00""","s:""1""}","{""x"":""00:00:00""","y:31.86","s:""2""}","{""y"":31.39","x:""00:02:00""","s:""1""}","{""x"":""00:02:00""","y:32.19","s:""2""}","{""y"":31.56","x:""00:04:00""","s:""1""}","{""x"":""00:04:00""","y:32.32","s:""2""}","{""y"":31.56","x:""00:06:00""","s:""1""}","{""x"":""00:"
"549","2019/1/12 2:30","30.13","上城大队","30.85","[{""y"":28.65","x:""00:00:00""","s:""1""}","{""x"":""00:00:00""","y:28.86","s:""2""}","{""y"":28.44","x:""00:02:00""","s:""1""}","{""x"":""00:02:00""","y:29.54","s:""2""}","{""y"":28.39","x:""00:04:00""","s:""1""}","{""x"":""00:04:00""","y:28.92","s:""2""}","{""y"":28.41","x:""00:06:00""","s:""1""}","{""x"":""00:"
"55","2019/1/12 0:12","37","建德大队","35.78","[{""y"":36.11","x:""00:00:00""","s:""1""}","{""x"":""00:00:00""","y:35.36","s:""2""}","{""y"":36.25","x:""00:02:00""","s:""1""}","{""x"":""00:02:00""","y:36.38","s:""2""}","{""y"":36.37","x:""00:04:00""","s:""1""}","{""x"":""00:04:00""","y:35.85","s:""2""}","{""y"":36.09","x:""00:06:00""","s:""1""}","{""x"":""00:"
"550","2019/1/12 2:30","29.9","下城大队","29.95","[{""y"":27.94","x:""00:00:00""","s:""1""}","{""x"":""00:00:00""","y:28.69","s:""2""}","{""y"":28.01","x:""00:02:00""","s:""1""}","{""x"":""00:02:00""","y:28.63","s:""2""}","{""y"":28","x:""00:04:00""","s:""1""}","{""x"":""00:04:00""","y:28.66","s:""2""}","{""y"":28.04","x:""00:06:00""","s:""1""}","{""x"":""00:06:"
"551","2019/1/12 2:30","33.3","下沙大队","34.07","[{""y"":31.78","x:""00:00:00""","s:""1""}","{""x"":""00:00:00""","y:33.02","s:""2""}","{""y"":31.73","x:""00:02:00""","s:""1""}","{""x"":""00:02:00""","y:33.25","s:""2""}","{""y"":31.94","x:""00:04:00""","s:""1""}","{""x"":""00:04:00""","y:32.58","s:""2""}","{""y"":32.02","x:""00:06:00""","s:""1""}","{""x"":""00:"
"552","2019/1/12 2:30","39.18","临安大队","39.89","[{""y"":43.53","x:""00:00:00""","s:""1""}","{""x"":""00:00:00""","y:37.98","s:""2""}","{""y"":42.09","x:""00:02:00""","s:""1""}","{""x"":""00:02:00""","y:43.36","s:""2""}","{""y"":41.85","x:""00:04:00""","s:""1""}","{""x"":""00:04:00""","y:42.97","s:""2""}","{""y"":41.02","x:""00:06:00""","s:""1""}","{""x"":""00:"
"553","2019/1/12 2:30","31.94","主城区","32.12","[{""y"":30.45","x:""00:00:00""","s:""1""}","{""x"":""00:00:00""","y:30.92","s:""2""}","{""y"":30.44","x:""00:02:00""","s:""1""}","{""x"":""00:02:00""","y:31.2","s:""2""}","{""y"":30.48","x:""00:04:00""","s:""1""}","{""x"":""00:04:00""","y:31.06","s:""2""}","{""y"":30.49","x:""00:06:00""","s:""1""}","{""x"":""00:0"
"554","2019/1/12 2:30","36.46","余杭大队","36.43","[{""y"":36.37","x:""00:00:00""","s:""1""}","{""x"":""00:00:00""","y:35.51","s:""2""}","{""y"":36.47","x:""00:02:00""","s:""1""}","{""x"":""00:02:00""","y:35.92","s:""2""}","{""y"":36.48","x:""00:04:00""","s:""1""}","{""x"":""00:04:00""","y:36.02","s:""2""}","{""y"":36.23","x:""00:06:00""","s:""1""}","{""x"":""00:"
"555","2019/1/12 2:30","47.15","大江东大队","41.74","[{""y"":47.21","x:""00:00:00""","s:""1""}","{""x"":""00:00:00""","y:46.46","s:""2""}","{""y"":47.5","x:""00:02:00""","s:""1""}","{""x"":""00:02:00""","y:47.48","s:""2""}","{""y"":47.01","x:""00:04:00""","s:""1""}","{""x"":""00:04:00""","y:47.41","s:""2""}","{""y"":46.76","x:""00:06:00""","s:""1""}","{""x"":""00:0"
"556","2019/1/12 2:30","47.22","富阳大队","45.55","[{""y"":41.59","x:""00:00:00""","s:""1""}","{""x"":""00:00:00""","y:34.53","s:""2""}","{""y"":41.31","x:""00:02:00""","s:""1""}","{""x"":""00:02:00""","y:40.01","s:""2""}","{""y"":41.55","x:""00:04:00""","s:""1""}","{""x"":""00:04:00""","y:32.89","s:""2""}","{""y"":41.75","x:""00:06:00""","s:""1""}","{""x"":""00:"
"557","2019/1/12 2:30","39.92","建德大队","40.13","[{""y"":36.11","x:""00:00:00""","s:""1""}","{""x"":""00:00:00""","y:35.36","s:""2""}","{""y"":36.25","x:""00:02:00""","s:""1""}","{""x"":""00:02:00""","y:36.38","s:""2""}","{""y"":36.37","x:""00:04:00""","s:""1""}","{""x"":""00:04:00""","y:35.85","s:""2""}","{""y"":36.09","x:""00:06:00""","s:""1""}","{""x"":""00:"
"558","2019/1/12 2:30","30.76","拱墅大队","30.46","[{""y"":29","x:""00:00:00""","s:""1""}","{""x"":""00:00:00""","y:28.99","s:""2""}","{""y"":29.07","x:""00:02:00""","s:""1""}","{""x"":""00:02:00""","y:29.35","s:""2""}","{""y"":29.12","x:""00:04:00""","s:""1""}","{""x"":""00:04:00""","y:29.07","s:""2""}","{""y"":29.09","x:""00:06:00""","s:""1""}","{""x"":""00:06:"
"559","2019/1/12 2:30","37.3","景区大队","37.87","[{""y"":35.22","x:""00:00:00""","s:""1""}","{""x"":""00:00:00""","y:38.65","s:""2""}","{""y"":35.02","x:""00:02:00""","s:""1""}","{""x"":""00:02:00""","y:40.1","s:""2""}","{""y"":34.98","x:""00:04:00""","s:""1""}","{""x"":""00:04:00""","y:40.28","s:""2""}","{""y"":34.87","x:""00:06:00""","s:""1""}","{""x"":""00:0"
"56","2019/1/12 0:12","29.21","拱墅大队","28.99","[{""y"":29","x:""00:00:00""","s:""1""}","{""x"":""00:00:00""","y:28.99","s:""2""}","{""y"":29.07","x:""00:02:00""","s:""1""}","{""x"":""00:02:00""","y:29.35","s:""2""}","{""y"":29.12","x:""00:04:00""","s:""1""}","{""x"":""00:04:00""","y:29.07","s:""2""}","{""y"":29.09","x:""00:06:00""","s:""1""}","{""x"":""00:06:"
"560","2019/1/12 2:30","39.58","桐庐大队","36.98","[{""y"":34.81","x:""00:00:00""","s:""1""}","{""x"":""00:00:00""","y:36.67","s:""2""}","{""y"":35.94","x:""00:02:00""","s:""1""}","{""x"":""00:02:00""","y:37.66","s:""2""}","{""y"":35.75","x:""00:04:00""","s:""1""}","{""x"":""00:04:00""","y:36.04","s:""2""}","{""y"":36.98","x:""00:06:00""","s:""1""}","{""x"":""00:"
"561","2019/1/12 2:30","32.73","江干大队","32.38","[{""y"":31.05","x:""00:00:00""","s:""1""}","{""x"":""00:00:00""","y:31.64","s:""2""}","{""y"":31.09","x:""00:02:00""","s:""1""}","{""x"":""00:02:00""","y:31.66","s:""2""}","{""y"":31.07","x:""00:04:00""","s:""1""}","{""x"":""00:04:00""","y:31.5","s:""2""}","{""y"":31.13","x:""00:06:00""","s:""1""}","{""x"":""00:0"
"562","2019/1/12 2:30","39.4","淳安大队","37.87","[{""y"":37.38","x:""00:00:00""","s:""1""}","{""x"":""00:00:00""","y:32.32","s:""2""}","{""y"":37.27","x:""00:02:00""","s:""1""}","{""x"":""00:02:00""","y:32.13","s:""2""}","{""y"":37.44","x:""00:04:00""","s:""1""}","{""x"":""00:04:00""","y:34.13","s:""2""}","{""y"":37.63","x:""00:06:00""","s:""1""}","{""x"":""00:"
"563","2019/1/12 2:30","35.86","滨江大队","34.22","[{""y"":33.38","x:""00:00:00""","s:""1""}","{""x"":""00:00:00""","y:33.22","s:""2""}","{""y"":33.38","x:""00:02:00""","s:""1""}","{""x"":""00:02:00""","y:33.44","s:""2""}","{""y"":33.42","x:""00:04:00""","s:""1""}","{""x"":""00:04:00""","y:33.42","s:""2""}","{""y"":33.33","x:""00:06:00""","s:""1""}","{""x"":""00:"
"564","2019/1/12 2:30","43.37","萧山大队","38.5","[{""y"":39.77","x:""00:00:00""","s:""1""}","{""x"":""00:00:00""","y:39.01","s:""2""}","{""y"":39.34","x:""00:02:00""","s:""1""}","{""x"":""00:02:00""","y:38.8","s:""2""}","{""y"":39.57","x:""00:04:00""","s:""1""}","{""x"":""00:04:00""","y:38.82","s:""2""}","{""y"":39.87","x:""00:06:00""","s:""1""}","{""x"":""00:0"
"565","2019/1/12 2:30","33.28","西湖大队","34.03","[{""y"":31.45","x:""00:00:00""","s:""1""}","{""x"":""00:00:00""","y:31.86","s:""2""}","{""y"":31.39","x:""00:02:00""","s:""1""}","{""x"":""00:02:00""","y:32.19","s:""2""}","{""y"":31.56","x:""00:04:00""","s:""1""}","{""x"":""00:04:00""","y:32.32","s:""2""}","{""y"":31.56","x:""00:06:00""","s:""1""}","{""x"":""00:"
"566","2019/1/12 2:32","30.22","上城大队","30.87","[{""y"":28.65","x:""00:00:00""","s:""1""}","{""x"":""00:00:00""","y:28.86","s:""2""}","{""y"":28.44","x:""00:02:00""","s:""1""}","{""x"":""00:02:00""","y:29.54","s:""2""}","{""y"":28.39","x:""00:04:00""","s:""1""}","{""x"":""00:04:00""","y:28.92","s:""2""}","{""y"":28.41","x:""00:06:00""","s:""1""}","{""x"":""00:"
"567","2019/1/12 2:32","29.85","下城大队","29.76","[{""y"":27.94","x:""00:00:00""","s:""1""}","{""x"":""00:00:00""","y:28.69","s:""2""}","{""y"":28.01","x:""00:02:00""","s:""1""}","{""x"":""00:02:00""","y:28.63","s:""2""}","{""y"":28","x:""00:04:00""","s:""1""}","{""x"":""00:04:00""","y:28.66","s:""2""}","{""y"":28.04","x:""00:06:00""","s:""1""}","{""x"":""00:06:"
"568","2019/1/12 2:32","33.69","下沙大队","34.46","[{""y"":31.78","x:""00:00:00""","s:""1""}","{""x"":""00:00:00""","y:33.02","s:""2""}","{""y"":31.73","x:""00:02:00""","s:""1""}","{""x"":""00:02:00""","y:33.25","s:""2""}","{""y"":31.94","x:""00:04:00""","s:""1""}","{""x"":""00:04:00""","y:32.58","s:""2""}","{""y"":32.02","x:""00:06:00""","s:""1""}","{""x"":""00:"
"569","2019/1/12 2:32","37.14","临安大队","39.95","[{""y"":43.53","x:""00:00:00""","s:""1""}","{""x"":""00:00:00""","y:37.98","s:""2""}","{""y"":42.09","x:""00:02:00""","s:""1""}","{""x"":""00:02:00""","y:43.36","s:""2""}","{""y"":41.85","x:""00:04:00""","s:""1""}","{""x"":""00:04:00""","y:42.97","s:""2""}","{""y"":41.02","x:""00:06:00""","s:""1""}","{""x"":""00:"
"57","2019/1/12 0:12","34.95","景区大队","39.59","[{""y"":35.22","x:""00:00:00""","s:""1""}","{""x"":""00:00:00""","y:38.65","s:""2""}","{""y"":35.02","x:""00:02:00""","s:""1""}","{""x"":""00:02:00""","y:40.1","s:""2""}","{""y"":34.98","x:""00:04:00""","s:""1""}","{""x"":""00:04:00""","y:40.28","s:""2""}","{""y"":34.87","x:""00:06:00""","s:""1""}","{""x"":""00:0"
"570","2019/1/12 2:32","31.94","主城区","32.31","[{""y"":30.45","x:""00:00:00""","s:""1""}","{""x"":""00:00:00""","y:30.92","s:""2""}","{""y"":30.44","x:""00:02:00""","s:""1""}","{""x"":""00:02:00""","y:31.2","s:""2""}","{""y"":30.48","x:""00:04:00""","s:""1""}","{""x"":""00:04:00""","y:31.06","s:""2""}","{""y"":30.49","x:""00:06:00""","s:""1""}","{""x"":""00:0"
"571","2019/1/12 2:32","36.11","余杭大队","36.68","[{""y"":36.37","x:""00:00:00""","s:""1""}","{""x"":""00:00:00""","y:35.51","s:""2""}","{""y"":36.47","x:""00:02:00""","s:""1""}","{""x"":""00:02:00""","y:35.92","s:""2""}","{""y"":36.48","x:""00:04:00""","s:""1""}","{""x"":""00:04:00""","y:36.02","s:""2""}","{""y"":36.23","x:""00:06:00""","s:""1""}","{""x"":""00:"
"572","2019/1/12 2:32","47.15","大江东大队","41.14","[{""y"":47.21","x:""00:00:00""","s:""1""}","{""x"":""00:00:00""","y:46.46","s:""2""}","{""y"":47.5","x:""00:02:00""","s:""1""}","{""x"":""00:02:00""","y:47.48","s:""2""}","{""y"":47.01","x:""00:04:00""","s:""1""}","{""x"":""00:04:00""","y:47.41","s:""2""}","{""y"":46.76","x:""00:06:00""","s:""1""}","{""x"":""00:0"
"573","2019/1/12 2:32","47.52","富阳大队","49.16","[{""y"":41.59","x:""00:00:00""","s:""1""}","{""x"":""00:00:00""","y:34.53","s:""2""}","{""y"":41.31","x:""00:02:00""","s:""1""}","{""x"":""00:02:00""","y:40.01","s:""2""}","{""y"":41.55","x:""00:04:00""","s:""1""}","{""x"":""00:04:00""","y:32.89","s:""2""}","{""y"":41.75","x:""00:06:00""","s:""1""}","{""x"":""00:"
"574","2019/1/12 2:32","40.06","建德大队","40.46","[{""y"":36.11","x:""00:00:00""","s:""1""}","{""x"":""00:00:00""","y:35.36","s:""2""}","{""y"":36.25","x:""00:02:00""","s:""1""}","{""x"":""00:02:00""","y:36.38","s:""2""}","{""y"":36.37","x:""00:04:00""","s:""1""}","{""x"":""00:04:00""","y:35.85","s:""2""}","{""y"":36.09","x:""00:06:00""","s:""1""}","{""x"":""00:"
"575","2019/1/12 2:32","30.8","拱墅大队","30.78","[{""y"":29","x:""00:00:00""","s:""1""}","{""x"":""00:00:00""","y:28.99","s:""2""}","{""y"":29.07","x:""00:02:00""","s:""1""}","{""x"":""00:02:00""","y:29.35","s:""2""}","{""y"":29.12","x:""00:04:00""","s:""1""}","{""x"":""00:04:00""","y:29.07","s:""2""}","{""y"":29.09","x:""00:06:00""","s:""1""}","{""x"":""00:06:"
"576","2019/1/12 2:32","37.72","景区大队","39.19","[{""y"":35.22","x:""00:00:00""","s:""1""}","{""x"":""00:00:00""","y:38.65","s:""2""}","{""y"":35.02","x:""00:02:00""","s:""1""}","{""x"":""00:02:00""","y:40.1","s:""2""}","{""y"":34.98","x:""00:04:00""","s:""1""}","{""x"":""00:04:00""","y:40.28","s:""2""}","{""y"":34.87","x:""00:06:00""","s:""1""}","{""x"":""00:0"
"577","2019/1/12 2:32","39.91","桐庐大队","37.5","[{""y"":34.81","x:""00:00:00""","s:""1""}","{""x"":""00:00:00""","y:36.67","s:""2""}","{""y"":35.94","x:""00:02:00""","s:""1""}","{""x"":""00:02:00""","y:37.66","s:""2""}","{""y"":35.75","x:""00:04:00""","s:""1""}","{""x"":""00:04:00""","y:36.04","s:""2""}","{""y"":36.98","x:""00:06:00""","s:""1""}","{""x"":""00:"
"578","2019/1/12 2:32","32.57","江干大队","32.45","[{""y"":31.05","x:""00:00:00""","s:""1""}","{""x"":""00:00:00""","y:31.64","s:""2""}","{""y"":31.09","x:""00:02:00""","s:""1""}","{""x"":""00:02:00""","y:31.66","s:""2""}","{""y"":31.07","x:""00:04:00""","s:""1""}","{""x"":""00:04:00""","y:31.5","s:""2""}","{""y"":31.13","x:""00:06:00""","s:""1""}","{""x"":""00:0"
"579","2019/1/12 2:32","39.3","淳安大队","37.87","[{""y"":37.38","x:""00:00:00""","s:""1""}","{""x"":""00:00:00""","y:32.32","s:""2""}","{""y"":37.27","x:""00:02:00""","s:""1""}","{""x"":""00:02:00""","y:32.13","s:""2""}","{""y"":37.44","x:""00:04:00""","s:""1""}","{""x"":""00:04:00""","y:34.13","s:""2""}","{""y"":37.63","x:""00:06:00""","s:""1""}","{""x"":""00:"
"58","2019/1/12 0:12","35.99","桐庐大队","36.16","[{""y"":34.81","x:""00:00:00""","s:""1""}","{""x"":""00:00:00""","y:36.67","s:""2""}","{""y"":35.94","x:""00:02:00""","s:""1""}","{""x"":""00:02:00""","y:37.66","s:""2""}","{""y"":35.75","x:""00:04:00""","s:""1""}","{""x"":""00:04:00""","y:36.04","s:""2""}","{""y"":36.98","x:""00:06:00""","s:""1""}","{""x"":""00:"
"580","2019/1/12 2:32","36.13","滨江大队","34.93","[{""y"":33.38","x:""00:00:00""","s:""1""}","{""x"":""00:00:00""","y:33.22","s:""2""}","{""y"":33.38","x:""00:02:00""","s:""1""}","{""x"":""00:02:00""","y:33.44","s:""2""}","{""y"":33.42","x:""00:04:00""","s:""1""}","{""x"":""00:04:00""","y:33.42","s:""2""}","{""y"":33.33","x:""00:06:00""","s:""1""}","{""x"":""00:"
"581","2019/1/12 2:32","43.14","萧山大队","38.13","[{""y"":39.77","x:""00:00:00""","s:""1""}","{""x"":""00:00:00""","y:39.01","s:""2""}","{""y"":39.34","x:""00:02:00""","s:""1""}","{""x"":""00:02:00""","y:38.8","s:""2""}","{""y"":39.57","x:""00:04:00""","s:""1""}","{""x"":""00:04:00""","y:38.82","s:""2""}","{""y"":39.87","x:""00:06:00""","s:""1""}","{""x"":""00:0"
"582","2019/1/12 2:32","33.24","西湖大队","34.25","[{""y"":31.45","x:""00:00:00""","s:""1""}","{""x"":""00:00:00""","y:31.86","s:""2""}","{""y"":31.39","x:""00:02:00""","s:""1""}","{""x"":""00:02:00""","y:32.19","s:""2""}","{""y"":31.56","x:""00:04:00""","s:""1""}","{""x"":""00:04:00""","y:32.32","s:""2""}","{""y"":31.56","x:""00:06:00""","s:""1""}","{""x"":""00:"
"583","2019/1/12 2:34","29.93","下城大队","30.02","[{""y"":27.94","x:""00:00:00""","s:""1""}","{""x"":""00:00:00""","y:28.69","s:""2""}","{""y"":28.01","x:""00:02:00""","s:""1""}","{""x"":""00:02:00""","y:28.63","s:""2""}","{""y"":28","x:""00:04:00""","s:""1""}","{""x"":""00:04:00""","y:28.66","s:""2""}","{""y"":28.04","x:""00:06:00""","s:""1""}","{""x"":""00:06:"
"584","2019/1/12 2:34","36.44","余杭大队","36.39","[{""y"":36.37","x:""00:00:00""","s:""1""}","{""x"":""00:00:00""","y:35.51","s:""2""}","{""y"":36.47","x:""00:02:00""","s:""1""}","{""x"":""00:02:00""","y:35.92","s:""2""}","{""y"":36.48","x:""00:04:00""","s:""1""}","{""x"":""00:04:00""","y:36.02","s:""2""}","{""y"":36.23","x:""00:06:00""","s:""1""}","{""x"":""00:"
"585","2019/1/12 2:34","46.96","大江东大队","42.75","[{""y"":47.21","x:""00:00:00""","s:""1""}","{""x"":""00:00:00""","y:46.46","s:""2""}","{""y"":47.5","x:""00:02:00""","s:""1""}","{""x"":""00:02:00""","y:47.48","s:""2""}","{""y"":47.01","x:""00:04:00""","s:""1""}","{""x"":""00:04:00""","y:47.41","s:""2""}","{""y"":46.76","x:""00:06:00""","s:""1""}","{""x"":""00:0"
"586","2019/1/12 2:34","39.59","建德大队","39.63","[{""y"":36.11","x:""00:00:00""","s:""1""}","{""x"":""00:00:00""","y:35.36","s:""2""}","{""y"":36.25","x:""00:02:00""","s:""1""}","{""x"":""00:02:00""","y:36.38","s:""2""}","{""y"":36.37","x:""00:04:00""","s:""1""}","{""x"":""00:04:00""","y:35.85","s:""2""}","{""y"":36.09","x:""00:06:00""","s:""1""}","{""x"":""00:"
"587","2019/1/12 2:34","30.81","拱墅大队","30.3","[{""y"":29","x:""00:00:00""","s:""1""}","{""x"":""00:00:00""","y:28.99","s:""2""}","{""y"":29.07","x:""00:02:00""","s:""1""}","{""x"":""00:02:00""","y:29.35","s:""2""}","{""y"":29.12","x:""00:04:00""","s:""1""}","{""x"":""00:04:00""","y:29.07","s:""2""}","{""y"":29.09","x:""00:06:00""","s:""1""}","{""x"":""00:06:"
"588","2019/1/12 2:34","37.51","景区大队","38.51","[{""y"":35.22","x:""00:00:00""","s:""1""}","{""x"":""00:00:00""","y:38.65","s:""2""}","{""y"":35.02","x:""00:02:00""","s:""1""}","{""x"":""00:02:00""","y:40.1","s:""2""}","{""y"":34.98","x:""00:04:00""","s:""1""}","{""x"":""00:04:00""","y:40.28","s:""2""}","{""y"":34.87","x:""00:06:00""","s:""1""}","{""x"":""00:0"
"589","2019/1/12 2:34","40.09","桐庐大队","39.8","[{""y"":34.81","x:""00:00:00""","s:""1""}","{""x"":""00:00:00""","y:36.67","s:""2""}","{""y"":35.94","x:""00:02:00""","s:""1""}","{""x"":""00:02:00""","y:37.66","s:""2""}","{""y"":35.75","x:""00:04:00""","s:""1""}","{""x"":""00:04:00""","y:36.04","s:""2""}","{""y"":36.98","x:""00:06:00""","s:""1""}","{""x"":""00:"
"59","2019/1/12 0:12","31.21","江干大队","32.03","[{""y"":31.05","x:""00:00:00""","s:""1""}","{""x"":""00:00:00""","y:31.64","s:""2""}","{""y"":31.09","x:""00:02:00""","s:""1""}","{""x"":""00:02:00""","y:31.66","s:""2""}","{""y"":31.07","x:""00:04:00""","s:""1""}","{""x"":""00:04:00""","y:31.5","s:""2""}","{""y"":31.13","x:""00:06:00""","s:""1""}","{""x"":""00:0"
"590","2019/1/12 2:34","35.99","滨江大队","34.78","[{""y"":33.38","x:""00:00:00""","s:""1""}","{""x"":""00:00:00""","y:33.22","s:""2""}","{""y"":33.38","x:""00:02:00""","s:""1""}","{""x"":""00:02:00""","y:33.44","s:""2""}","{""y"":33.42","x:""00:04:00""","s:""1""}","{""x"":""00:04:00""","y:33.42","s:""2""}","{""y"":33.33","x:""00:06:00""","s:""1""}","{""x"":""00:"
"591","2019/1/12 2:36","30.04","上城大队","31.13","[{""y"":28.65","x:""00:00:00""","s:""1""}","{""x"":""00:00:00""","y:28.86","s:""2""}","{""y"":28.44","x:""00:02:00""","s:""1""}","{""x"":""00:02:00""","y:29.54","s:""2""}","{""y"":28.39","x:""00:04:00""","s:""1""}","{""x"":""00:04:00""","y:28.92","s:""2""}","{""y"":28.41","x:""00:06:00""","s:""1""}","{""x"":""00:"
"592","2019/1/12 2:36","29.88","下城大队","30.55","[{""y"":27.94","x:""00:00:00""","s:""1""}","{""x"":""00:00:00""","y:28.69","s:""2""}","{""y"":28.01","x:""00:02:00""","s:""1""}","{""x"":""00:02:00""","y:28.63","s:""2""}","{""y"":28","x:""00:04:00""","s:""1""}","{""x"":""00:04:00""","y:28.66","s:""2""}","{""y"":28.04","x:""00:06:00""","s:""1""}","{""x"":""00:06:"
"593","2019/1/12 2:36","33.79","下沙大队","34.42","[{""y"":31.78","x:""00:00:00""","s:""1""}","{""x"":""00:00:00""","y:33.02","s:""2""}","{""y"":31.73","x:""00:02:00""","s:""1""}","{""x"":""00:02:00""","y:33.25","s:""2""}","{""y"":31.94","x:""00:04:00""","s:""1""}","{""x"":""00:04:00""","y:32.58","s:""2""}","{""y"":32.02","x:""00:06:00""","s:""1""}","{""x"":""00:"
"594","2019/1/12 2:36","37.99","临安大队","35.41","[{""y"":43.53","x:""00:00:00""","s:""1""}","{""x"":""00:00:00""","y:37.98","s:""2""}","{""y"":42.09","x:""00:02:00""","s:""1""}","{""x"":""00:02:00""","y:43.36","s:""2""}","{""y"":41.85","x:""00:04:00""","s:""1""}","{""x"":""00:04:00""","y:42.97","s:""2""}","{""y"":41.02","x:""00:06:00""","s:""1""}","{""x"":""00:"
"595","2019/1/12 2:36","31.97","主城区","32.3","[{""y"":30.45","x:""00:00:00""","s:""1""}","{""x"":""00:00:00""","y:30.92","s:""2""}","{""y"":30.44","x:""00:02:00""","s:""1""}","{""x"":""00:02:00""","y:31.2","s:""2""}","{""y"":30.48","x:""00:04:00""","s:""1""}","{""x"":""00:04:00""","y:31.06","s:""2""}","{""y"":30.49","x:""00:06:00""","s:""1""}","{""x"":""00:0"
"596","2019/1/12 2:36","36.42","余杭大队","36.2","[{""y"":36.37","x:""00:00:00""","s:""1""}","{""x"":""00:00:00""","y:35.51","s:""2""}","{""y"":36.47","x:""00:02:00""","s:""1""}","{""x"":""00:02:00""","y:35.92","s:""2""}","{""y"":36.48","x:""00:04:00""","s:""1""}","{""x"":""00:04:00""","y:36.02","s:""2""}","{""y"":36.23","x:""00:06:00""","s:""1""}","{""x"":""00:"
"597","2019/1/12 2:36","45.59","大江东大队","43.96","[{""y"":47.21","x:""00:00:00""","s:""1""}","{""x"":""00:00:00""","y:46.46","s:""2""}","{""y"":47.5","x:""00:02:00""","s:""1""}","{""x"":""00:02:00""","y:47.48","s:""2""}","{""y"":47.01","x:""00:04:00""","s:""1""}","{""x"":""00:04:00""","y:47.41","s:""2""}","{""y"":46.76","x:""00:06:00""","s:""1""}","{""x"":""00:0"
"598","2019/1/12 2:36","49.31","富阳大队","42.13","[{""y"":41.59","x:""00:00:00""","s:""1""}","{""x"":""00:00:00""","y:34.53","s:""2""}","{""y"":41.31","x:""00:02:00""","s:""1""}","{""x"":""00:02:00""","y:40.01","s:""2""}","{""y"":41.55","x:""00:04:00""","s:""1""}","{""x"":""00:04:00""","y:32.89","s:""2""}","{""y"":41.75","x:""00:06:00""","s:""1""}","{""x"":""00:"
"599","2019/1/12 2:36","40.48","建德大队","40.06","[{""y"":36.11","x:""00:00:00""","s:""1""}","{""x"":""00:00:00""","y:35.36","s:""2""}","{""y"":36.25","x:""00:02:00""","s:""1""}","{""x"":""00:02:00""","y:36.38","s:""2""}","{""y"":36.37","x:""00:04:00""","s:""1""}","{""x"":""00:04:00""","y:35.85","s:""2""}","{""y"":36.09","x:""00:06:00""","s:""1""}","{""x"":""00:"
"6","2019/1/12 0:06","28.41","上城大队","29.46","[{""y"":28.65","x:""00:00:00""","s:""1""}","{""x"":""00:00:00""","y:28.86","s:""2""}","{""y"":28.44","x:""00:02:00""","s:""1""}","{""x"":""00:02:00""","y:29.54","s:""2""}","{""y"":28.39","x:""00:04:00""","s:""1""}","{""x"":""00:04:00""","y:28.92","s:""2""}","{""y"":28.41","x:""00:06:00""","s:""1""}","{""x"":""00:"
"60","2019/1/12 0:12","38.29","淳安大队","36.4","[{""y"":37.38","x:""00:00:00""","s:""1""}","{""x"":""00:00:00""","y:32.32","s:""2""}","{""y"":37.27","x:""00:02:00""","s:""1""}","{""x"":""00:02:00""","y:32.13","s:""2""}","{""y"":37.44","x:""00:04:00""","s:""1""}","{""x"":""00:04:00""","y:34.13","s:""2""}","{""y"":37.63","x:""00:06:00""","s:""1""}","{""x"":""00:"
"600","2019/1/12 2:36","30.74","拱墅大队","30.06","[{""y"":29","x:""00:00:00""","s:""1""}","{""x"":""00:00:00""","y:28.99","s:""2""}","{""y"":29.07","x:""00:02:00""","s:""1""}","{""x"":""00:02:00""","y:29.35","s:""2""}","{""y"":29.12","x:""00:04:00""","s:""1""}","{""x"":""00:04:00""","y:29.07","s:""2""}","{""y"":29.09","x:""00:06:00""","s:""1""}","{""x"":""00:06:"
"601","2019/1/12 2:36","37.74","景区大队","38.73","[{""y"":35.22","x:""00:00:00""","s:""1""}","{""x"":""00:00:00""","y:38.65","s:""2""}","{""y"":35.02","x:""00:02:00""","s:""1""}","{""x"":""00:02:00""","y:40.1","s:""2""}","{""y"":34.98","x:""00:04:00""","s:""1""}","{""x"":""00:04:00""","y:40.28","s:""2""}","{""y"":34.87","x:""00:06:00""","s:""1""}","{""x"":""00:0"
"602","2019/1/12 2:36","39.09","桐庐大队","39.32","[{""y"":34.81","x:""00:00:00""","s:""1""}","{""x"":""00:00:00""","y:36.67","s:""2""}","{""y"":35.94","x:""00:02:00""","s:""1""}","{""x"":""00:02:00""","y:37.66","s:""2""}","{""y"":35.75","x:""00:04:00""","s:""1""}","{""x"":""00:04:00""","y:36.04","s:""2""}","{""y"":36.98","x:""00:06:00""","s:""1""}","{""x"":""00:"
"603","2019/1/12 2:36","32.69","江干大队","33.07","[{""y"":31.05","x:""00:00:00""","s:""1""}","{""x"":""00:00:00""","y:31.64","s:""2""}","{""y"":31.09","x:""00:02:00""","s:""1""}","{""x"":""00:02:00""","y:31.66","s:""2""}","{""y"":31.07","x:""00:04:00""","s:""1""}","{""x"":""00:04:00""","y:31.5","s:""2""}","{""y"":31.13","x:""00:06:00""","s:""1""}","{""x"":""00:0"
"604","2019/1/12 2:36","39.3","淳安大队","37.87","[{""y"":37.38","x:""00:00:00""","s:""1""}","{""x"":""00:00:00""","y:32.32","s:""2""}","{""y"":37.27","x:""00:02:00""","s:""1""}","{""x"":""00:02:00""","y:32.13","s:""2""}","{""y"":37.44","x:""00:04:00""","s:""1""}","{""x"":""00:04:00""","y:34.13","s:""2""}","{""y"":37.63","x:""00:06:00""","s:""1""}","{""x"":""00:"
"605","2019/1/12 2:36","35.92","滨江大队","34.48","[{""y"":33.38","x:""00:00:00""","s:""1""}","{""x"":""00:00:00""","y:33.22","s:""2""}","{""y"":33.38","x:""00:02:00""","s:""1""}","{""x"":""00:02:00""","y:33.44","s:""2""}","{""y"":33.42","x:""00:04:00""","s:""1""}","{""x"":""00:04:00""","y:33.42","s:""2""}","{""y"":33.33","x:""00:06:00""","s:""1""}","{""x"":""00:"
"606","2019/1/12 2:36","43.44","萧山大队","40.98","[{""y"":39.77","x:""00:00:00""","s:""1""}","{""x"":""00:00:00""","y:39.01","s:""2""}","{""y"":39.34","x:""00:02:00""","s:""1""}","{""x"":""00:02:00""","y:38.8","s:""2""}","{""y"":39.57","x:""00:04:00""","s:""1""}","{""x"":""00:04:00""","y:38.82","s:""2""}","{""y"":39.87","x:""00:06:00""","s:""1""}","{""x"":""00:0"
"607","2019/1/12 2:36","33.37","西湖大队","33.77","[{""y"":31.45","x:""00:00:00""","s:""1""}","{""x"":""00:00:00""","y:31.86","s:""2""}","{""y"":31.39","x:""00:02:00""","s:""1""}","{""x"":""00:02:00""","y:32.19","s:""2""}","{""y"":31.56","x:""00:04:00""","s:""1""}","{""x"":""00:04:00""","y:32.32","s:""2""}","{""y"":31.56","x:""00:06:00""","s:""1""}","{""x"":""00:"
"608","2019/1/12 2:38","30.21","上城大队","30.77","[{""y"":28.65","x:""00:00:00""","s:""1""}","{""x"":""00:00:00""","y:28.86","s:""2""}","{""y"":28.44","x:""00:02:00""","s:""1""}","{""x"":""00:02:00""","y:29.54","s:""2""}","{""y"":28.39","x:""00:04:00""","s:""1""}","{""x"":""00:04:00""","y:28.92","s:""2""}","{""y"":28.41","x:""00:06:00""","s:""1""}","{""x"":""00:"
"609","2019/1/12 2:38","29.86","下城大队","30.72","[{""y"":27.94","x:""00:00:00""","s:""1""}","{""x"":""00:00:00""","y:28.69","s:""2""}","{""y"":28.01","x:""00:02:00""","s:""1""}","{""x"":""00:02:00""","y:28.63","s:""2""}","{""y"":28","x:""00:04:00""","s:""1""}","{""x"":""00:04:00""","y:28.66","s:""2""}","{""y"":28.04","x:""00:06:00""","s:""1""}","{""x"":""00:06:"
"61","2019/1/12 0:12","33.4","滨江大队","32.72","[{""y"":33.38","x:""00:00:00""","s:""1""}","{""x"":""00:00:00""","y:33.22","s:""2""}","{""y"":33.38","x:""00:02:00""","s:""1""}","{""x"":""00:02:00""","y:33.44","s:""2""}","{""y"":33.42","x:""00:04:00""","s:""1""}","{""x"":""00:04:00""","y:33.42","s:""2""}","{""y"":33.33","x:""00:06:00""","s:""1""}","{""x"":""00:"
"610","2019/1/12 2:38","33.94","下沙大队","34.5","[{""y"":31.78","x:""00:00:00""","s:""1""}","{""x"":""00:00:00""","y:33.02","s:""2""}","{""y"":31.73","x:""00:02:00""","s:""1""}","{""x"":""00:02:00""","y:33.25","s:""2""}","{""y"":31.94","x:""00:04:00""","s:""1""}","{""x"":""00:04:00""","y:32.58","s:""2""}","{""y"":32.02","x:""00:06:00""","s:""1""}","{""x"":""00:"
"611","2019/1/12 2:38","37.19","临安大队","34.74","[{""y"":43.53","x:""00:00:00""","s:""1""}","{""x"":""00:00:00""","y:37.98","s:""2""}","{""y"":42.09","x:""00:02:00""","s:""1""}","{""x"":""00:02:00""","y:43.36","s:""2""}","{""y"":41.85","x:""00:04:00""","s:""1""}","{""x"":""00:04:00""","y:42.97","s:""2""}","{""y"":41.02","x:""00:06:00""","s:""1""}","{""x"":""00:"
"612","2019/1/12 2:38","31.98","主城区","32.12","[{""y"":30.45","x:""00:00:00""","s:""1""}","{""x"":""00:00:00""","y:30.92","s:""2""}","{""y"":30.44","x:""00:02:00""","s:""1""}","{""x"":""00:02:00""","y:31.2","s:""2""}","{""y"":30.48","x:""00:04:00""","s:""1""}","{""x"":""00:04:00""","y:31.06","s:""2""}","{""y"":30.49","x:""00:06:00""","s:""1""}","{""x"":""00:0"
"613","2019/1/12 2:38","36.11","余杭大队","35.82","[{""y"":36.37","x:""00:00:00""","s:""1""}","{""x"":""00:00:00""","y:35.51","s:""2""}","{""y"":36.47","x:""00:02:00""","s:""1""}","{""x"":""00:02:00""","y:35.92","s:""2""}","{""y"":36.48","x:""00:04:00""","s:""1""}","{""x"":""00:04:00""","y:36.02","s:""2""}","{""y"":36.23","x:""00:06:00""","s:""1""}","{""x"":""00:"
"614","2019/1/12 2:38","46.96","大江东大队","47.04","[{""y"":47.21","x:""00:00:00""","s:""1""}","{""x"":""00:00:00""","y:46.46","s:""2""}","{""y"":47.5","x:""00:02:00""","s:""1""}","{""x"":""00:02:00""","y:47.48","s:""2""}","{""y"":47.01","x:""00:04:00""","s:""1""}","{""x"":""00:04:00""","y:47.41","s:""2""}","{""y"":46.76","x:""00:06:00""","s:""1""}","{""x"":""00:0"
"615","2019/1/12 2:38","48.64","富阳大队","41.73","[{""y"":41.59","x:""00:00:00""","s:""1""}","{""x"":""00:00:00""","y:34.53","s:""2""}","{""y"":41.31","x:""00:02:00""","s:""1""}","{""x"":""00:02:00""","y:40.01","s:""2""}","{""y"":41.55","x:""00:04:00""","s:""1""}","{""x"":""00:04:00""","y:32.89","s:""2""}","{""y"":41.75","x:""00:06:00""","s:""1""}","{""x"":""00:"
"616","2019/1/12 2:38","40.33","建德大队","40.08","[{""y"":36.11","x:""00:00:00""","s:""1""}","{""x"":""00:00:00""","y:35.36","s:""2""}","{""y"":36.25","x:""00:02:00""","s:""1""}","{""x"":""00:02:00""","y:36.38","s:""2""}","{""y"":36.37","x:""00:04:00""","s:""1""}","{""x"":""00:04:00""","y:35.85","s:""2""}","{""y"":36.09","x:""00:06:00""","s:""1""}","{""x"":""00:"
"617","2019/1/12 2:38","30.8","拱墅大队","29.45","[{""y"":29","x:""00:00:00""","s:""1""}","{""x"":""00:00:00""","y:28.99","s:""2""}","{""y"":29.07","x:""00:02:00""","s:""1""}","{""x"":""00:02:00""","y:29.35","s:""2""}","{""y"":29.12","x:""00:04:00""","s:""1""}","{""x"":""00:04:00""","y:29.07","s:""2""}","{""y"":29.09","x:""00:06:00""","s:""1""}","{""x"":""00:06:"
"618","2019/1/12 2:38","37.82","景区大队","37.28","[{""y"":35.22","x:""00:00:00""","s:""1""}","{""x"":""00:00:00""","y:38.65","s:""2""}","{""y"":35.02","x:""00:02:00""","s:""1""}","{""x"":""00:02:00""","y:40.1","s:""2""}","{""y"":34.98","x:""00:04:00""","s:""1""}","{""x"":""00:04:00""","y:40.28","s:""2""}","{""y"":34.87","x:""00:06:00""","s:""1""}","{""x"":""00:0"
"619","2019/1/12 2:38","38.68","桐庐大队","37.45","[{""y"":34.81","x:""00:00:00""","s:""1""}","{""x"":""00:00:00""","y:36.67","s:""2""}","{""y"":35.94","x:""00:02:00""","s:""1""}","{""x"":""00:02:00""","y:37.66","s:""2""}","{""y"":35.75","x:""00:04:00""","s:""1""}","{""x"":""00:04:00""","y:36.04","s:""2""}","{""y"":36.98","x:""00:06:00""","s:""1""}","{""x"":""00:"
"62","2019/1/12 0:12","40.08","萧山大队","38.91","[{""y"":39.77","x:""00:00:00""","s:""1""}","{""x"":""00:00:00""","y:39.01","s:""2""}","{""y"":39.34","x:""00:02:00""","s:""1""}","{""x"":""00:02:00""","y:38.8","s:""2""}","{""y"":39.57","x:""00:04:00""","s:""1""}","{""x"":""00:04:00""","y:38.82","s:""2""}","{""y"":39.87","x:""00:06:00""","s:""1""}","{""x"":""00:0"
"620","2019/1/12 2:38","32.57","江干大队","33.6","[{""y"":31.05","x:""00:00:00""","s:""1""}","{""x"":""00:00:00""","y:31.64","s:""2""}","{""y"":31.09","x:""00:02:00""","s:""1""}","{""x"":""00:02:00""","y:31.66","s:""2""}","{""y"":31.07","x:""00:04:00""","s:""1""}","{""x"":""00:04:00""","y:31.5","s:""2""}","{""y"":31.13","x:""00:06:00""","s:""1""}","{""x"":""00:0"
"621","2019/1/12 2:38","39.74","淳安大队","37.87","[{""y"":37.38","x:""00:00:00""","s:""1""}","{""x"":""00:00:00""","y:32.32","s:""2""}","{""y"":37.27","x:""00:02:00""","s:""1""}","{""x"":""00:02:00""","y:32.13","s:""2""}","{""y"":37.44","x:""00:04:00""","s:""1""}","{""x"":""00:04:00""","y:34.13","s:""2""}","{""y"":37.63","x:""00:06:00""","s:""1""}","{""x"":""00:"
"622","2019/1/12 2:38","36.12","滨江大队","34.75","[{""y"":33.38","x:""00:00:00""","s:""1""}","{""x"":""00:00:00""","y:33.22","s:""2""}","{""y"":33.38","x:""00:02:00""","s:""1""}","{""x"":""00:02:00""","y:33.44","s:""2""}","{""y"":33.42","x:""00:04:00""","s:""1""}","{""x"":""00:04:00""","y:33.42","s:""2""}","{""y"":33.33","x:""00:06:00""","s:""1""}","{""x"":""00:"
"623","2019/1/12 2:38","43.55","萧山大队","40.92","[{""y"":39.77","x:""00:00:00""","s:""1""}","{""x"":""00:00:00""","y:39.01","s:""2""}","{""y"":39.34","x:""00:02:00""","s:""1""}","{""x"":""00:02:00""","y:38.8","s:""2""}","{""y"":39.57","x:""00:04:00""","s:""1""}","{""x"":""00:04:00""","y:38.82","s:""2""}","{""y"":39.87","x:""00:06:00""","s:""1""}","{""x"":""00:0"
"624","2019/1/12 2:38","33.32","西湖大队","32.99","[{""y"":31.45","x:""00:00:00""","s:""1""}","{""x"":""00:00:00""","y:31.86","s:""2""}","{""y"":31.39","x:""00:02:00""","s:""1""}","{""x"":""00:02:00""","y:32.19","s:""2""}","{""y"":31.56","x:""00:04:00""","s:""1""}","{""x"":""00:04:00""","y:32.32","s:""2""}","{""y"":31.56","x:""00:06:00""","s:""1""}","{""x"":""00:"
"625","2019/1/12 2:40","30.25","上城大队","31.25","[{""y"":28.65","x:""00:00:00""","s:""1""}","{""x"":""00:00:00""","y:28.86","s:""2""}","{""y"":28.44","x:""00:02:00""","s:""1""}","{""x"":""00:02:00""","y:29.54","s:""2""}","{""y"":28.39","x:""00:04:00""","s:""1""}","{""x"":""00:04:00""","y:28.92","s:""2""}","{""y"":28.41","x:""00:06:00""","s:""1""}","{""x"":""00:"
"626","2019/1/12 2:40","33.62","下沙大队","34.5","[{""y"":31.78","x:""00:00:00""","s:""1""}","{""x"":""00:00:00""","y:33.02","s:""2""}","{""y"":31.73","x:""00:02:00""","s:""1""}","{""x"":""00:02:00""","y:33.25","s:""2""}","{""y"":31.94","x:""00:04:00""","s:""1""}","{""x"":""00:04:00""","y:32.58","s:""2""}","{""y"":32.02","x:""00:06:00""","s:""1""}","{""x"":""00:"
"627","2019/1/12 2:40","31.99","主城区","32.11","[{""y"":30.45","x:""00:00:00""","s:""1""}","{""x"":""00:00:00""","y:30.92","s:""2""}","{""y"":30.44","x:""00:02:00""","s:""1""}","{""x"":""00:02:00""","y:31.2","s:""2""}","{""y"":30.48","x:""00:04:00""","s:""1""}","{""x"":""00:04:00""","y:31.06","s:""2""}","{""y"":30.49","x:""00:06:00""","s:""1""}","{""x"":""00:0"
"628","2019/1/12 2:40","48.22","富阳大队","40.23","[{""y"":41.59","x:""00:00:00""","s:""1""}","{""x"":""00:00:00""","y:34.53","s:""2""}","{""y"":41.31","x:""00:02:00""","s:""1""}","{""x"":""00:02:00""","y:40.01","s:""2""}","{""y"":41.55","x:""00:04:00""","s:""1""}","{""x"":""00:04:00""","y:32.89","s:""2""}","{""y"":41.75","x:""00:06:00""","s:""1""}","{""x"":""00:"
"629","2019/1/12 2:40","30.92","拱墅大队","29.98","[{""y"":29","x:""00:00:00""","s:""1""}","{""x"":""00:00:00""","y:28.99","s:""2""}","{""y"":29.07","x:""00:02:00""","s:""1""}","{""x"":""00:02:00""","y:29.35","s:""2""}","{""y"":29.12","x:""00:04:00""","s:""1""}","{""x"":""00:04:00""","y:29.07","s:""2""}","{""y"":29.09","x:""00:06:00""","s:""1""}","{""x"":""00:06:"
"63","2019/1/12 0:12","31.54","西湖大队","32.2","[{""y"":31.45","x:""00:00:00""","s:""1""}","{""x"":""00:00:00""","y:31.86","s:""2""}","{""y"":31.39","x:""00:02:00""","s:""1""}","{""x"":""00:02:00""","y:32.19","s:""2""}","{""y"":31.56","x:""00:04:00""","s:""1""}","{""x"":""00:04:00""","y:32.32","s:""2""}","{""y"":31.56","x:""00:06:00""","s:""1""}","{""x"":""00:"
"630","2019/1/12 2:40","32.63","江干大队","33.47","[{""y"":31.05","x:""00:00:00""","s:""1""}","{""x"":""00:00:00""","y:31.64","s:""2""}","{""y"":31.09","x:""00:02:00""","s:""1""}","{""x"":""00:02:00""","y:31.66","s:""2""}","{""y"":31.07","x:""00:04:00""","s:""1""}","{""x"":""00:04:00""","y:31.5","s:""2""}","{""y"":31.13","x:""00:06:00""","s:""1""}","{""x"":""00:0"
"631","2019/1/12 2:40","39.46","淳安大队","39.78","[{""y"":37.38","x:""00:00:00""","s:""1""}","{""x"":""00:00:00""","y:32.32","s:""2""}","{""y"":37.27","x:""00:02:00""","s:""1""}","{""x"":""00:02:00""","y:32.13","s:""2""}","{""y"":37.44","x:""00:04:00""","s:""1""}","{""x"":""00:04:00""","y:34.13","s:""2""}","{""y"":37.63","x:""00:06:00""","s:""1""}","{""x"":""00:"
"632","2019/1/12 2:40","43.68","萧山大队","40.54","[{""y"":39.77","x:""00:00:00""","s:""1""}","{""x"":""00:00:00""","y:39.01","s:""2""}","{""y"":39.34","x:""00:02:00""","s:""1""}","{""x"":""00:02:00""","y:38.8","s:""2""}","{""y"":39.57","x:""00:04:00""","s:""1""}","{""x"":""00:04:00""","y:38.82","s:""2""}","{""y"":39.87","x:""00:06:00""","s:""1""}","{""x"":""00:0"
"633","2019/1/12 2:40","33.31","西湖大队","32.77","[{""y"":31.45","x:""00:00:00""","s:""1""}","{""x"":""00:00:00""","y:31.86","s:""2""}","{""y"":31.39","x:""00:02:00""","s:""1""}","{""x"":""00:02:00""","y:32.19","s:""2""}","{""y"":31.56","x:""00:04:00""","s:""1""}","{""x"":""00:04:00""","y:32.32","s:""2""}","{""y"":31.56","x:""00:06:00""","s:""1""}","{""x"":""00:"
"634","2019/1/12 2:42","30.18","上城大队","31.07","[{""y"":28.65","x:""00:00:00""","s:""1""}","{""x"":""00:00:00""","y:28.86","s:""2""}","{""y"":28.44","x:""00:02:00""","s:""1""}","{""x"":""00:02:00""","y:29.54","s:""2""}","{""y"":28.39","x:""00:04:00""","s:""1""}","{""x"":""00:04:00""","y:28.92","s:""2""}","{""y"":28.41","x:""00:06:00""","s:""1""}","{""x"":""00:"
"635","2019/1/12 2:42","29.91","下城大队","30.81","[{""y"":27.94","x:""00:00:00""","s:""1""}","{""x"":""00:00:00""","y:28.69","s:""2""}","{""y"":28.01","x:""00:02:00""","s:""1""}","{""x"":""00:02:00""","y:28.63","s:""2""}","{""y"":28","x:""00:04:00""","s:""1""}","{""x"":""00:04:00""","y:28.66","s:""2""}","{""y"":28.04","x:""00:06:00""","s:""1""}","{""x"":""00:06:"
"636","2019/1/12 2:42","33.57","下沙大队","34.67","[{""y"":31.78","x:""00:00:00""","s:""1""}","{""x"":""00:00:00""","y:33.02","s:""2""}","{""y"":31.73","x:""00:02:00""","s:""1""}","{""x"":""00:02:00""","y:33.25","s:""2""}","{""y"":31.94","x:""00:04:00""","s:""1""}","{""x"":""00:04:00""","y:32.58","s:""2""}","{""y"":32.02","x:""00:06:00""","s:""1""}","{""x"":""00:"
"637","2019/1/12 2:42","37.48","临安大队","37.6","[{""y"":43.53","x:""00:00:00""","s:""1""}","{""x"":""00:00:00""","y:37.98","s:""2""}","{""y"":42.09","x:""00:02:00""","s:""1""}","{""x"":""00:02:00""","y:43.36","s:""2""}","{""y"":41.85","x:""00:04:00""","s:""1""}","{""x"":""00:04:00""","y:42.97","s:""2""}","{""y"":41.02","x:""00:06:00""","s:""1""}","{""x"":""00:"
"638","2019/1/12 2:42","32.05","主城区","32.25","[{""y"":30.45","x:""00:00:00""","s:""1""}","{""x"":""00:00:00""","y:30.92","s:""2""}","{""y"":30.44","x:""00:02:00""","s:""1""}","{""x"":""00:02:00""","y:31.2","s:""2""}","{""y"":30.48","x:""00:04:00""","s:""1""}","{""x"":""00:04:00""","y:31.06","s:""2""}","{""y"":30.49","x:""00:06:00""","s:""1""}","{""x"":""00:0"
"639","2019/1/12 2:42","35.79","余杭大队","36.34","[{""y"":36.37","x:""00:00:00""","s:""1""}","{""x"":""00:00:00""","y:35.51","s:""2""}","{""y"":36.47","x:""00:02:00""","s:""1""}","{""x"":""00:02:00""","y:35.92","s:""2""}","{""y"":36.48","x:""00:04:00""","s:""1""}","{""x"":""00:04:00""","y:36.02","s:""2""}","{""y"":36.23","x:""00:06:00""","s:""1""}","{""x"":""00:"
"64","2019/1/12 0:14","28.5","上城大队","30.4","[{""y"":28.65","x:""00:00:00""","s:""1""}","{""x"":""00:00:00""","y:28.86","s:""2""}","{""y"":28.44","x:""00:02:00""","s:""1""}","{""x"":""00:02:00""","y:29.54","s:""2""}","{""y"":28.39","x:""00:04:00""","s:""1""}","{""x"":""00:04:00""","y:28.92","s:""2""}","{""y"":28.41","x:""00:06:00""","s:""1""}","{""x"":""00:"
"640","2019/1/12 2:42","47.29","大江东大队","45.95","[{""y"":47.21","x:""00:00:00""","s:""1""}","{""x"":""00:00:00""","y:46.46","s:""2""}","{""y"":47.5","x:""00:02:00""","s:""1""}","{""x"":""00:02:00""","y:47.48","s:""2""}","{""y"":47.01","x:""00:04:00""","s:""1""}","{""x"":""00:04:00""","y:47.41","s:""2""}","{""y"":46.76","x:""00:06:00""","s:""1""}","{""x"":""00:0"
"641","2019/1/12 2:42","47.88","富阳大队","41.52","[{""y"":41.59","x:""00:00:00""","s:""1""}","{""x"":""00:00:00""","y:34.53","s:""2""}","{""y"":41.31","x:""00:02:00""","s:""1""}","{""x"":""00:02:00""","y:40.01","s:""2""}","{""y"":41.55","x:""00:04:00""","s:""1""}","{""x"":""00:04:00""","y:32.89","s:""2""}","{""y"":41.75","x:""00:06:00""","s:""1""}","{""x"":""00:"
"642","2019/1/12 2:42","40.8","建德大队","39.73","[{""y"":36.11","x:""00:00:00""","s:""1""}","{""x"":""00:00:00""","y:35.36","s:""2""}","{""y"":36.25","x:""00:02:00""","s:""1""}","{""x"":""00:02:00""","y:36.38","s:""2""}","{""y"":36.37","x:""00:04:00""","s:""1""}","{""x"":""00:04:00""","y:35.85","s:""2""}","{""y"":36.09","x:""00:06:00""","s:""1""}","{""x"":""00:"
"643","2019/1/12 2:42","30.96","拱墅大队","30.28","[{""y"":29","x:""00:00:00""","s:""1""}","{""x"":""00:00:00""","y:28.99","s:""2""}","{""y"":29.07","x:""00:02:00""","s:""1""}","{""x"":""00:02:00""","y:29.35","s:""2""}","{""y"":29.12","x:""00:04:00""","s:""1""}","{""x"":""00:04:00""","y:29.07","s:""2""}","{""y"":29.09","x:""00:06:00""","s:""1""}","{""x"":""00:06:"
"644","2019/1/12 2:42","38.39","景区大队","36.52","[{""y"":35.22","x:""00:00:00""","s:""1""}","{""x"":""00:00:00""","y:38.65","s:""2""}","{""y"":35.02","x:""00:02:00""","s:""1""}","{""x"":""00:02:00""","y:40.1","s:""2""}","{""y"":34.98","x:""00:04:00""","s:""1""}","{""x"":""00:04:00""","y:40.28","s:""2""}","{""y"":34.87","x:""00:06:00""","s:""1""}","{""x"":""00:0"
"645","2019/1/12 2:42","39.42","桐庐大队","39.22","[{""y"":34.81","x:""00:00:00""","s:""1""}","{""x"":""00:00:00""","y:36.67","s:""2""}","{""y"":35.94","x:""00:02:00""","s:""1""}","{""x"":""00:02:00""","y:37.66","s:""2""}","{""y"":35.75","x:""00:04:00""","s:""1""}","{""x"":""00:04:00""","y:36.04","s:""2""}","{""y"":36.98","x:""00:06:00""","s:""1""}","{""x"":""00:"
"646","2019/1/12 2:42","32.87","江干大队","33.75","[{""y"":31.05","x:""00:00:00""","s:""1""}","{""x"":""00:00:00""","y:31.64","s:""2""}","{""y"":31.09","x:""00:02:00""","s:""1""}","{""x"":""00:02:00""","y:31.66","s:""2""}","{""y"":31.07","x:""00:04:00""","s:""1""}","{""x"":""00:04:00""","y:31.5","s:""2""}","{""y"":31.13","x:""00:06:00""","s:""1""}","{""x"":""00:0"
"647","2019/1/12 2:42","38.88","淳安大队","40","[{""y"":37.38","x:""00:00:00""","s:""1""}","{""x"":""00:00:00""","y:32.32","s:""2""}","{""y"":37.27","x:""00:02:00""","s:""1""}","{""x"":""00:02:00""","y:32.13","s:""2""}","{""y"":37.44","x:""00:04:00""","s:""1""}","{""x"":""00:04:00""","y:34.13","s:""2""}","{""y"":37.63","x:""00:06:00""","s:""1""}","{""x"":""00:"
"648","2019/1/12 2:42","36.11","滨江大队","34.21","[{""y"":33.38","x:""00:00:00""","s:""1""}","{""x"":""00:00:00""","y:33.22","s:""2""}","{""y"":33.38","x:""00:02:00""","s:""1""}","{""x"":""00:02:00""","y:33.44","s:""2""}","{""y"":33.42","x:""00:04:00""","s:""1""}","{""x"":""00:04:00""","y:33.42","s:""2""}","{""y"":33.33","x:""00:06:00""","s:""1""}","{""x"":""00:"
"649","2019/1/12 2:42","43.24","萧山大队","40.53","[{""y"":39.77","x:""00:00:00""","s:""1""}","{""x"":""00:00:00""","y:39.01","s:""2""}","{""y"":39.34","x:""00:02:00""","s:""1""}","{""x"":""00:02:00""","y:38.8","s:""2""}","{""y"":39.57","x:""00:04:00""","s:""1""}","{""x"":""00:04:00""","y:38.82","s:""2""}","{""y"":39.87","x:""00:06:00""","s:""1""}","{""x"":""00:0"
"65","2019/1/12 0:14","28.37","下城大队","29.21","[{""y"":27.94","x:""00:00:00""","s:""1""}","{""x"":""00:00:00""","y:28.69","s:""2""}","{""y"":28.01","x:""00:02:00""","s:""1""}","{""x"":""00:02:00""","y:28.63","s:""2""}","{""y"":28","x:""00:04:00""","s:""1""}","{""x"":""00:04:00""","y:28.66","s:""2""}","{""y"":28.04","x:""00:06:00""","s:""1""}","{""x"":""00:06:"
"650","2019/1/12 2:42","33.36","西湖大队","33.15","[{""y"":31.45","x:""00:00:00""","s:""1""}","{""x"":""00:00:00""","y:31.86","s:""2""}","{""y"":31.39","x:""00:02:00""","s:""1""}","{""x"":""00:02:00""","y:32.19","s:""2""}","{""y"":31.56","x:""00:04:00""","s:""1""}","{""x"":""00:04:00""","y:32.32","s:""2""}","{""y"":31.56","x:""00:06:00""","s:""1""}","{""x"":""00:"
"651","2019/1/12 2:44","30.28","上城大队","30.89","[{""y"":28.65","x:""00:00:00""","s:""1""}","{""x"":""00:00:00""","y:28.86","s:""2""}","{""y"":28.44","x:""00:02:00""","s:""1""}","{""x"":""00:02:00""","y:29.54","s:""2""}","{""y"":28.39","x:""00:04:00""","s:""1""}","{""x"":""00:04:00""","y:28.92","s:""2""}","{""y"":28.41","x:""00:06:00""","s:""1""}","{""x"":""00:"
"652","2019/1/12 2:44","29.97","下城大队","30.34","[{""y"":27.94","x:""00:00:00""","s:""1""}","{""x"":""00:00:00""","y:28.69","s:""2""}","{""y"":28.01","x:""00:02:00""","s:""1""}","{""x"":""00:02:00""","y:28.63","s:""2""}","{""y"":28","x:""00:04:00""","s:""1""}","{""x"":""00:04:00""","y:28.66","s:""2""}","{""y"":28.04","x:""00:06:00""","s:""1""}","{""x"":""00:06:"
"653","2019/1/12 2:44","33.52","下沙大队","34.68","[{""y"":31.78","x:""00:00:00""","s:""1""}","{""x"":""00:00:00""","y:33.02","s:""2""}","{""y"":31.73","x:""00:02:00""","s:""1""}","{""x"":""00:02:00""","y:33.25","s:""2""}","{""y"":31.94","x:""00:04:00""","s:""1""}","{""x"":""00:04:00""","y:32.58","s:""2""}","{""y"":32.02","x:""00:06:00""","s:""1""}","{""x"":""00:"
"654","2019/1/12 2:44","36.77","临安大队","37.77","[{""y"":43.53","x:""00:00:00""","s:""1""}","{""x"":""00:00:00""","y:37.98","s:""2""}","{""y"":42.09","x:""00:02:00""","s:""1""}","{""x"":""00:02:00""","y:43.36","s:""2""}","{""y"":41.85","x:""00:04:00""","s:""1""}","{""x"":""00:04:00""","y:42.97","s:""2""}","{""y"":41.02","x:""00:06:00""","s:""1""}","{""x"":""00:"
"655","2019/1/12 2:44","32.1","主城区","32.06","[{""y"":30.45","x:""00:00:00""","s:""1""}","{""x"":""00:00:00""","y:30.92","s:""2""}","{""y"":30.44","x:""00:02:00""","s:""1""}","{""x"":""00:02:00""","y:31.2","s:""2""}","{""y"":30.48","x:""00:04:00""","s:""1""}","{""x"":""00:04:00""","y:31.06","s:""2""}","{""y"":30.49","x:""00:06:00""","s:""1""}","{""x"":""00:0"
"656","2019/1/12 2:44","35.91","余杭大队","36.43","[{""y"":36.37","x:""00:00:00""","s:""1""}","{""x"":""00:00:00""","y:35.51","s:""2""}","{""y"":36.47","x:""00:02:00""","s:""1""}","{""x"":""00:02:00""","y:35.92","s:""2""}","{""y"":36.48","x:""00:04:00""","s:""1""}","{""x"":""00:04:00""","y:36.02","s:""2""}","{""y"":36.23","x:""00:06:00""","s:""1""}","{""x"":""00:"
"657","2019/1/12 2:44","47.8","大江东大队","45.52","[{""y"":47.21","x:""00:00:00""","s:""1""}","{""x"":""00:00:00""","y:46.46","s:""2""}","{""y"":47.5","x:""00:02:00""","s:""1""}","{""x"":""00:02:00""","y:47.48","s:""2""}","{""y"":47.01","x:""00:04:00""","s:""1""}","{""x"":""00:04:00""","y:47.41","s:""2""}","{""y"":46.76","x:""00:06:00""","s:""1""}","{""x"":""00:0"
"658","2019/1/12 2:44","47.16","富阳大队","40.53","[{""y"":41.59","x:""00:00:00""","s:""1""}","{""x"":""00:00:00""","y:34.53","s:""2""}","{""y"":41.31","x:""00:02:00""","s:""1""}","{""x"":""00:02:00""","y:40.01","s:""2""}","{""y"":41.55","x:""00:04:00""","s:""1""}","{""x"":""00:04:00""","y:32.89","s:""2""}","{""y"":41.75","x:""00:06:00""","s:""1""}","{""x"":""00:"
"659","2019/1/12 2:44","40.62","建德大队","39","[{""y"":36.11","x:""00:00:00""","s:""1""}","{""x"":""00:00:00""","y:35.36","s:""2""}","{""y"":36.25","x:""00:02:00""","s:""1""}","{""x"":""00:02:00""","y:36.38","s:""2""}","{""y"":36.37","x:""00:04:00""","s:""1""}","{""x"":""00:04:00""","y:35.85","s:""2""}","{""y"":36.09","x:""00:06:00""","s:""1""}","{""x"":""00:"
"66","2019/1/12 0:14","31.81","下沙大队","31.91","[{""y"":31.78","x:""00:00:00""","s:""1""}","{""x"":""00:00:00""","y:33.02","s:""2""}","{""y"":31.73","x:""00:02:00""","s:""1""}","{""x"":""00:02:00""","y:33.25","s:""2""}","{""y"":31.94","x:""00:04:00""","s:""1""}","{""x"":""00:04:00""","y:32.58","s:""2""}","{""y"":32.02","x:""00:06:00""","s:""1""}","{""x"":""00:"
"660","2019/1/12 2:44","30.98","拱墅大队","29.63","[{""y"":29","x:""00:00:00""","s:""1""}","{""x"":""00:00:00""","y:28.99","s:""2""}","{""y"":29.07","x:""00:02:00""","s:""1""}","{""x"":""00:02:00""","y:29.35","s:""2""}","{""y"":29.12","x:""00:04:00""","s:""1""}","{""x"":""00:04:00""","y:29.07","s:""2""}","{""y"":29.09","x:""00:06:00""","s:""1""}","{""x"":""00:06:"
"661","2019/1/12 2:44","37.79","景区大队","37.02","[{""y"":35.22","x:""00:00:00""","s:""1""}","{""x"":""00:00:00""","y:38.65","s:""2""}","{""y"":35.02","x:""00:02:00""","s:""1""}","{""x"":""00:02:00""","y:40.1","s:""2""}","{""y"":34.98","x:""00:04:00""","s:""1""}","{""x"":""00:04:00""","y:40.28","s:""2""}","{""y"":34.87","x:""00:06:00""","s:""1""}","{""x"":""00:0"
"662","2019/1/12 2:44","39.86","桐庐大队","40.18","[{""y"":34.81","x:""00:00:00""","s:""1""}","{""x"":""00:00:00""","y:36.67","s:""2""}","{""y"":35.94","x:""00:02:00""","s:""1""}","{""x"":""00:02:00""","y:37.66","s:""2""}","{""y"":35.75","x:""00:04:00""","s:""1""}","{""x"":""00:04:00""","y:36.04","s:""2""}","{""y"":36.98","x:""00:06:00""","s:""1""}","{""x"":""00:"
"663","2019/1/12 2:44","32.97","江干大队","33.43","[{""y"":31.05","x:""00:00:00""","s:""1""}","{""x"":""00:00:00""","y:31.64","s:""2""}","{""y"":31.09","x:""00:02:00""","s:""1""}","{""x"":""00:02:00""","y:31.66","s:""2""}","{""y"":31.07","x:""00:04:00""","s:""1""}","{""x"":""00:04:00""","y:31.5","s:""2""}","{""y"":31.13","x:""00:06:00""","s:""1""}","{""x"":""00:0"
"664","2019/1/12 2:44","38.98","淳安大队","40","[{""y"":37.38","x:""00:00:00""","s:""1""}","{""x"":""00:00:00""","y:32.32","s:""2""}","{""y"":37.27","x:""00:02:00""","s:""1""}","{""x"":""00:02:00""","y:32.13","s:""2""}","{""y"":37.44","x:""00:04:00""","s:""1""}","{""x"":""00:04:00""","y:34.13","s:""2""}","{""y"":37.63","x:""00:06:00""","s:""1""}","{""x"":""00:"
"665","2019/1/12 2:44","36.15","滨江大队","34.36","[{""y"":33.38","x:""00:00:00""","s:""1""}","{""x"":""00:00:00""","y:33.22","s:""2""}","{""y"":33.38","x:""00:02:00""","s:""1""}","{""x"":""00:02:00""","y:33.44","s:""2""}","{""y"":33.42","x:""00:04:00""","s:""1""}","{""x"":""00:04:00""","y:33.42","s:""2""}","{""y"":33.33","x:""00:06:00""","s:""1""}","{""x"":""00:"
"666","2019/1/12 2:44","43.22","萧山大队","39.34","[{""y"":39.77","x:""00:00:00""","s:""1""}","{""x"":""00:00:00""","y:39.01","s:""2""}","{""y"":39.34","x:""00:02:00""","s:""1""}","{""x"":""00:02:00""","y:38.8","s:""2""}","{""y"":39.57","x:""00:04:00""","s:""1""}","{""x"":""00:04:00""","y:38.82","s:""2""}","{""y"":39.87","x:""00:06:00""","s:""1""}","{""x"":""00:0"
"667","2019/1/12 2:44","33.43","西湖大队","33.32","[{""y"":31.45","x:""00:00:00""","s:""1""}","{""x"":""00:00:00""","y:31.86","s:""2""}","{""y"":31.39","x:""00:02:00""","s:""1""}","{""x"":""00:02:00""","y:32.19","s:""2""}","{""y"":31.56","x:""00:04:00""","s:""1""}","{""x"":""00:04:00""","y:32.32","s:""2""}","{""y"":31.56","x:""00:06:00""","s:""1""}","{""x"":""00:"
"668","2019/1/12 2:46","30.45","上城大队","30.77","[{""y"":28.65","x:""00:00:00""","s:""1""}","{""x"":""00:00:00""","y:28.86","s:""2""}","{""y"":28.44","x:""00:02:00""","s:""1""}","{""x"":""00:02:00""","y:29.54","s:""2""}","{""y"":28.39","x:""00:04:00""","s:""1""}","{""x"":""00:04:00""","y:28.92","s:""2""}","{""y"":28.41","x:""00:06:00""","s:""1""}","{""x"":""00:"
"669","2019/1/12 2:46","30.09","下城大队","30.02","[{""y"":27.94","x:""00:00:00""","s:""1""}","{""x"":""00:00:00""","y:28.69","s:""2""}","{""y"":28.01","x:""00:02:00""","s:""1""}","{""x"":""00:02:00""","y:28.63","s:""2""}","{""y"":28","x:""00:04:00""","s:""1""}","{""x"":""00:04:00""","y:28.66","s:""2""}","{""y"":28.04","x:""00:06:00""","s:""1""}","{""x"":""00:06:"
"67","2019/1/12 0:14","39.07","临安大队","37.82","[{""y"":43.53","x:""00:00:00""","s:""1""}","{""x"":""00:00:00""","y:37.98","s:""2""}","{""y"":42.09","x:""00:02:00""","s:""1""}","{""x"":""00:02:00""","y:43.36","s:""2""}","{""y"":41.85","x:""00:04:00""","s:""1""}","{""x"":""00:04:00""","y:42.97","s:""2""}","{""y"":41.02","x:""00:06:00""","s:""1""}","{""x"":""00:"
"670","2019/1/12 2:46","33.4","下沙大队","34.19","[{""y"":31.78","x:""00:00:00""","s:""1""}","{""x"":""00:00:00""","y:33.02","s:""2""}","{""y"":31.73","x:""00:02:00""","s:""1""}","{""x"":""00:02:00""","y:33.25","s:""2""}","{""y"":31.94","x:""00:04:00""","s:""1""}","{""x"":""00:04:00""","y:32.58","s:""2""}","{""y"":32.02","x:""00:06:00""","s:""1""}","{""x"":""00:"
"671","2019/1/12 2:46","32.13","主城区","32.17","[{""y"":30.45","x:""00:00:00""","s:""1""}","{""x"":""00:00:00""","y:30.92","s:""2""}","{""y"":30.44","x:""00:02:00""","s:""1""}","{""x"":""00:02:00""","y:31.2","s:""2""}","{""y"":30.48","x:""00:04:00""","s:""1""}","{""x"":""00:04:00""","y:31.06","s:""2""}","{""y"":30.49","x:""00:06:00""","s:""1""}","{""x"":""00:0"
"672","2019/1/12 2:46","36.08","余杭大队","36.51","[{""y"":36.37","x:""00:00:00""","s:""1""}","{""x"":""00:00:00""","y:35.51","s:""2""}","{""y"":36.47","x:""00:02:00""","s:""1""}","{""x"":""00:02:00""","y:35.92","s:""2""}","{""y"":36.48","x:""00:04:00""","s:""1""}","{""x"":""00:04:00""","y:36.02","s:""2""}","{""y"":36.23","x:""00:06:00""","s:""1""}","{""x"":""00:"
"673","2019/1/12 2:46","47.9","大江东大队","46.9","[{""y"":47.21","x:""00:00:00""","s:""1""}","{""x"":""00:00:00""","y:46.46","s:""2""}","{""y"":47.5","x:""00:02:00""","s:""1""}","{""x"":""00:02:00""","y:47.48","s:""2""}","{""y"":47.01","x:""00:04:00""","s:""1""}","{""x"":""00:04:00""","y:47.41","s:""2""}","{""y"":46.76","x:""00:06:00""","s:""1""}","{""x"":""00:0"
"674","2019/1/12 2:46","45.96","富阳大队","43.05","[{""y"":41.59","x:""00:00:00""","s:""1""}","{""x"":""00:00:00""","y:34.53","s:""2""}","{""y"":41.31","x:""00:02:00""","s:""1""}","{""x"":""00:02:00""","y:40.01","s:""2""}","{""y"":41.55","x:""00:04:00""","s:""1""}","{""x"":""00:04:00""","y:32.89","s:""2""}","{""y"":41.75","x:""00:06:00""","s:""1""}","{""x"":""00:"
"675","2019/1/12 2:46","40.02","建德大队","39","[{""y"":36.11","x:""00:00:00""","s:""1""}","{""x"":""00:00:00""","y:35.36","s:""2""}","{""y"":36.25","x:""00:02:00""","s:""1""}","{""x"":""00:02:00""","y:36.38","s:""2""}","{""y"":36.37","x:""00:04:00""","s:""1""}","{""x"":""00:04:00""","y:35.85","s:""2""}","{""y"":36.09","x:""00:06:00""","s:""1""}","{""x"":""00:"
"676","2019/1/12 2:46","38.08","景区大队","40.21","[{""y"":35.22","x:""00:00:00""","s:""1""}","{""x"":""00:00:00""","y:38.65","s:""2""}","{""y"":35.02","x:""00:02:00""","s:""1""}","{""x"":""00:02:00""","y:40.1","s:""2""}","{""y"":34.98","x:""00:04:00""","s:""1""}","{""x"":""00:04:00""","y:40.28","s:""2""}","{""y"":34.87","x:""00:06:00""","s:""1""}","{""x"":""00:0"
"677","2019/1/12 2:46","39.64","桐庐大队","40.78","[{""y"":34.81","x:""00:00:00""","s:""1""}","{""x"":""00:00:00""","y:36.67","s:""2""}","{""y"":35.94","x:""00:02:00""","s:""1""}","{""x"":""00:02:00""","y:37.66","s:""2""}","{""y"":35.75","x:""00:04:00""","s:""1""}","{""x"":""00:04:00""","y:36.04","s:""2""}","{""y"":36.98","x:""00:06:00""","s:""1""}","{""x"":""00:"
"678","2019/1/12 2:46","32.88","江干大队","33.12","[{""y"":31.05","x:""00:00:00""","s:""1""}","{""x"":""00:00:00""","y:31.64","s:""2""}","{""y"":31.09","x:""00:02:00""","s:""1""}","{""x"":""00:02:00""","y:31.66","s:""2""}","{""y"":31.07","x:""00:04:00""","s:""1""}","{""x"":""00:04:00""","y:31.5","s:""2""}","{""y"":31.13","x:""00:06:00""","s:""1""}","{""x"":""00:0"
"679","2019/1/12 2:46","38.98","淳安大队","40","[{""y"":37.38","x:""00:00:00""","s:""1""}","{""x"":""00:00:00""","y:32.32","s:""2""}","{""y"":37.27","x:""00:02:00""","s:""1""}","{""x"":""00:02:00""","y:32.13","s:""2""}","{""y"":37.44","x:""00:04:00""","s:""1""}","{""x"":""00:04:00""","y:34.13","s:""2""}","{""y"":37.63","x:""00:06:00""","s:""1""}","{""x"":""00:"
"68","2019/1/12 0:14","30.61","主城区","31.27","[{""y"":30.45","x:""00:00:00""","s:""1""}","{""x"":""00:00:00""","y:30.92","s:""2""}","{""y"":30.44","x:""00:02:00""","s:""1""}","{""x"":""00:02:00""","y:31.2","s:""2""}","{""y"":30.48","x:""00:04:00""","s:""1""}","{""x"":""00:04:00""","y:31.06","s:""2""}","{""y"":30.49","x:""00:06:00""","s:""1""}","{""x"":""00:0"
"680","2019/1/12 2:46","36.11","滨江大队","34.44","[{""y"":33.38","x:""00:00:00""","s:""1""}","{""x"":""00:00:00""","y:33.22","s:""2""}","{""y"":33.38","x:""00:02:00""","s:""1""}","{""x"":""00:02:00""","y:33.44","s:""2""}","{""y"":33.42","x:""00:04:00""","s:""1""}","{""x"":""00:04:00""","y:33.42","s:""2""}","{""y"":33.33","x:""00:06:00""","s:""1""}","{""x"":""00:"
"681","2019/1/12 2:46","43.36","萧山大队","38.68","[{""y"":39.77","x:""00:00:00""","s:""1""}","{""x"":""00:00:00""","y:39.01","s:""2""}","{""y"":39.34","x:""00:02:00""","s:""1""}","{""x"":""00:02:00""","y:38.8","s:""2""}","{""y"":39.57","x:""00:04:00""","s:""1""}","{""x"":""00:04:00""","y:38.82","s:""2""}","{""y"":39.87","x:""00:06:00""","s:""1""}","{""x"":""00:0"
"682","2019/1/12 2:46","33.47","西湖大队","33.54","[{""y"":31.45","x:""00:00:00""","s:""1""}","{""x"":""00:00:00""","y:31.86","s:""2""}","{""y"":31.39","x:""00:02:00""","s:""1""}","{""x"":""00:02:00""","y:32.19","s:""2""}","{""y"":31.56","x:""00:04:00""","s:""1""}","{""x"":""00:04:00""","y:32.32","s:""2""}","{""y"":31.56","x:""00:06:00""","s:""1""}","{""x"":""00:"
"683","2019/1/12 2:48","30.5","上城大队","30.38","[{""y"":28.65","x:""00:00:00""","s:""1""}","{""x"":""00:00:00""","y:28.86","s:""2""}","{""y"":28.44","x:""00:02:00""","s:""1""}","{""x"":""00:02:00""","y:29.54","s:""2""}","{""y"":28.39","x:""00:04:00""","s:""1""}","{""x"":""00:04:00""","y:28.92","s:""2""}","{""y"":28.41","x:""00:06:00""","s:""1""}","{""x"":""00:"
"684","2019/1/12 2:48","30.15","下城大队","30.41","[{""y"":27.94","x:""00:00:00""","s:""1""}","{""x"":""00:00:00""","y:28.69","s:""2""}","{""y"":28.01","x:""00:02:00""","s:""1""}","{""x"":""00:02:00""","y:28.63","s:""2""}","{""y"":28","x:""00:04:00""","s:""1""}","{""x"":""00:04:00""","y:28.66","s:""2""}","{""y"":28.04","x:""00:06:00""","s:""1""}","{""x"":""00:06:"
"685","2019/1/12 2:48","33.43","下沙大队","33.96","[{""y"":31.78","x:""00:00:00""","s:""1""}","{""x"":""00:00:00""","y:33.02","s:""2""}","{""y"":31.73","x:""00:02:00""","s:""1""}","{""x"":""00:02:00""","y:33.25","s:""2""}","{""y"":31.94","x:""00:04:00""","s:""1""}","{""x"":""00:04:00""","y:32.58","s:""2""}","{""y"":32.02","x:""00:06:00""","s:""1""}","{""x"":""00:"
"686","2019/1/12 2:48","36.8","临安大队","37.73","[{""y"":43.53","x:""00:00:00""","s:""1""}","{""x"":""00:00:00""","y:37.98","s:""2""}","{""y"":42.09","x:""00:02:00""","s:""1""}","{""x"":""00:02:00""","y:43.36","s:""2""}","{""y"":41.85","x:""00:04:00""","s:""1""}","{""x"":""00:04:00""","y:42.97","s:""2""}","{""y"":41.02","x:""00:06:00""","s:""1""}","{""x"":""00:"
"687","2019/1/12 2:48","32.17","主城区","32.24","[{""y"":30.45","x:""00:00:00""","s:""1""}","{""x"":""00:00:00""","y:30.92","s:""2""}","{""y"":30.44","x:""00:02:00""","s:""1""}","{""x"":""00:02:00""","y:31.2","s:""2""}","{""y"":30.48","x:""00:04:00""","s:""1""}","{""x"":""00:04:00""","y:31.06","s:""2""}","{""y"":30.49","x:""00:06:00""","s:""1""}","{""x"":""00:0"
"688","2019/1/12 2:48","36.29","余杭大队","37.44","[{""y"":36.37","x:""00:00:00""","s:""1""}","{""x"":""00:00:00""","y:35.51","s:""2""}","{""y"":36.47","x:""00:02:00""","s:""1""}","{""x"":""00:02:00""","y:35.92","s:""2""}","{""y"":36.48","x:""00:04:00""","s:""1""}","{""x"":""00:04:00""","y:36.02","s:""2""}","{""y"":36.23","x:""00:06:00""","s:""1""}","{""x"":""00:"
"689","2019/1/12 2:48","47.55","大江东大队","45.36","[{""y"":47.21","x:""00:00:00""","s:""1""}","{""x"":""00:00:00""","y:46.46","s:""2""}","{""y"":47.5","x:""00:02:00""","s:""1""}","{""x"":""00:02:00""","y:47.48","s:""2""}","{""y"":47.01","x:""00:04:00""","s:""1""}","{""x"":""00:04:00""","y:47.41","s:""2""}","{""y"":46.76","x:""00:06:00""","s:""1""}","{""x"":""00:0"
"69","2019/1/12 0:14","35.84","余杭大队","35.11","[{""y"":36.37","x:""00:00:00""","s:""1""}","{""x"":""00:00:00""","y:35.51","s:""2""}","{""y"":36.47","x:""00:02:00""","s:""1""}","{""x"":""00:02:00""","y:35.92","s:""2""}","{""y"":36.48","x:""00:04:00""","s:""1""}","{""x"":""00:04:00""","y:36.02","s:""2""}","{""y"":36.23","x:""00:06:00""","s:""1""}","{""x"":""00:"
"690","2019/1/12 2:48","46.42","富阳大队","42.96","[{""y"":41.59","x:""00:00:00""","s:""1""}","{""x"":""00:00:00""","y:34.53","s:""2""}","{""y"":41.31","x:""00:02:00""","s:""1""}","{""x"":""00:02:00""","y:40.01","s:""2""}","{""y"":41.55","x:""00:04:00""","s:""1""}","{""x"":""00:04:00""","y:32.89","s:""2""}","{""y"":41.75","x:""00:06:00""","s:""1""}","{""x"":""00:"
"691","2019/1/12 2:48","40.27","建德大队","35.03","[{""y"":36.11","x:""00:00:00""","s:""1""}","{""x"":""00:00:00""","y:35.36","s:""2""}","{""y"":36.25","x:""00:02:00""","s:""1""}","{""x"":""00:02:00""","y:36.38","s:""2""}","{""y"":36.37","x:""00:04:00""","s:""1""}","{""x"":""00:04:00""","y:35.85","s:""2""}","{""y"":36.09","x:""00:06:00""","s:""1""}","{""x"":""00:"
"692","2019/1/12 2:48","37.61","景区大队","41.88","[{""y"":35.22","x:""00:00:00""","s:""1""}","{""x"":""00:00:00""","y:38.65","s:""2""}","{""y"":35.02","x:""00:02:00""","s:""1""}","{""x"":""00:02:00""","y:40.1","s:""2""}","{""y"":34.98","x:""00:04:00""","s:""1""}","{""x"":""00:04:00""","y:40.28","s:""2""}","{""y"":34.87","x:""00:06:00""","s:""1""}","{""x"":""00:0"
"693","2019/1/12 2:48","40.1","桐庐大队","42.57","[{""y"":34.81","x:""00:00:00""","s:""1""}","{""x"":""00:00:00""","y:36.67","s:""2""}","{""y"":35.94","x:""00:02:00""","s:""1""}","{""x"":""00:02:00""","y:37.66","s:""2""}","{""y"":35.75","x:""00:04:00""","s:""1""}","{""x"":""00:04:00""","y:36.04","s:""2""}","{""y"":36.98","x:""00:06:00""","s:""1""}","{""x"":""00:"
"694","2019/1/12 2:48","33.03","江干大队","33.03","[{""y"":31.05","x:""00:00:00""","s:""1""}","{""x"":""00:00:00""","y:31.64","s:""2""}","{""y"":31.09","x:""00:02:00""","s:""1""}","{""x"":""00:02:00""","y:31.66","s:""2""}","{""y"":31.07","x:""00:04:00""","s:""1""}","{""x"":""00:04:00""","y:31.5","s:""2""}","{""y"":31.13","x:""00:06:00""","s:""1""}","{""x"":""00:0"
"695","2019/1/12 2:48","38.81","淳安大队","40","[{""y"":37.38","x:""00:00:00""","s:""1""}","{""x"":""00:00:00""","y:32.32","s:""2""}","{""y"":37.27","x:""00:02:00""","s:""1""}","{""x"":""00:02:00""","y:32.13","s:""2""}","{""y"":37.44","x:""00:04:00""","s:""1""}","{""x"":""00:04:00""","y:34.13","s:""2""}","{""y"":37.63","x:""00:06:00""","s:""1""}","{""x"":""00:"
"696","2019/1/12 2:48","36.23","滨江大队","34.81","[{""y"":33.38","x:""00:00:00""","s:""1""}","{""x"":""00:00:00""","y:33.22","s:""2""}","{""y"":33.38","x:""00:02:00""","s:""1""}","{""x"":""00:02:00""","y:33.44","s:""2""}","{""y"":33.42","x:""00:04:00""","s:""1""}","{""x"":""00:04:00""","y:33.42","s:""2""}","{""y"":33.33","x:""00:06:00""","s:""1""}","{""x"":""00:"
"697","2019/1/12 2:48","43.29","萧山大队","38.63","[{""y"":39.77","x:""00:00:00""","s:""1""}","{""x"":""00:00:00""","y:39.01","s:""2""}","{""y"":39.34","x:""00:02:00""","s:""1""}","{""x"":""00:02:00""","y:38.8","s:""2""}","{""y"":39.57","x:""00:04:00""","s:""1""}","{""x"":""00:04:00""","y:38.82","s:""2""}","{""y"":39.87","x:""00:06:00""","s:""1""}","{""x"":""00:0"
"698","2019/1/12 2:48","33.46","西湖大队","33.54","[{""y"":31.45","x:""00:00:00""","s:""1""}","{""x"":""00:00:00""","y:31.86","s:""2""}","{""y"":31.39","x:""00:02:00""","s:""1""}","{""x"":""00:02:00""","y:32.19","s:""2""}","{""y"":31.56","x:""00:04:00""","s:""1""}","{""x"":""00:04:00""","y:32.32","s:""2""}","{""y"":31.56","x:""00:06:00""","s:""1""}","{""x"":""00:"
"699","2019/1/12 2:50","30.49","上城大队","31.05","[{""y"":28.65","x:""00:00:00""","s:""1""}","{""x"":""00:00:00""","y:28.86","s:""2""}","{""y"":28.44","x:""00:02:00""","s:""1""}","{""x"":""00:02:00""","y:29.54","s:""2""}","{""y"":28.39","x:""00:04:00""","s:""1""}","{""x"":""00:04:00""","y:28.92","s:""2""}","{""y"":28.41","x:""00:06:00""","s:""1""}","{""x"":""00:"
"7","2019/1/12 0:06","28.04","下城大队","28.59","[{""y"":27.94","x:""00:00:00""","s:""1""}","{""x"":""00:00:00""","y:28.69","s:""2""}","{""y"":28.01","x:""00:02:00""","s:""1""}","{""x"":""00:02:00""","y:28.63","s:""2""}","{""y"":28","x:""00:04:00""","s:""1""}","{""x"":""00:04:00""","y:28.66","s:""2""}","{""y"":28.04","x:""00:06:00""","s:""1""}","{""x"":""00:06:"
"70","2019/1/12 0:14","47.19","大江东大队","44.63","[{""y"":47.21","x:""00:00:00""","s:""1""}","{""x"":""00:00:00""","y:46.46","s:""2""}","{""y"":47.5","x:""00:02:00""","s:""1""}","{""x"":""00:02:00""","y:47.48","s:""2""}","{""y"":47.01","x:""00:04:00""","s:""1""}","{""x"":""00:04:00""","y:47.41","s:""2""}","{""y"":46.76","x:""00:06:00""","s:""1""}","{""x"":""00:0"
"700","2019/1/12 2:50","30.06","下城大队","30.86","[{""y"":27.94","x:""00:00:00""","s:""1""}","{""x"":""00:00:00""","y:28.69","s:""2""}","{""y"":28.01","x:""00:02:00""","s:""1""}","{""x"":""00:02:00""","y:28.63","s:""2""}","{""y"":28","x:""00:04:00""","s:""1""}","{""x"":""00:04:00""","y:28.66","s:""2""}","{""y"":28.04","x:""00:06:00""","s:""1""}","{""x"":""00:06:"
"701","2019/1/12 2:50","33.46","下沙大队","34.04","[{""y"":31.78","x:""00:00:00""","s:""1""}","{""x"":""00:00:00""","y:33.02","s:""2""}","{""y"":31.73","x:""00:02:00""","s:""1""}","{""x"":""00:02:00""","y:33.25","s:""2""}","{""y"":31.94","x:""00:04:00""","s:""1""}","{""x"":""00:04:00""","y:32.58","s:""2""}","{""y"":32.02","x:""00:06:00""","s:""1""}","{""x"":""00:"
"702","2019/1/12 2:50","36.6","临安大队","35.79","[{""y"":43.53","x:""00:00:00""","s:""1""}","{""x"":""00:00:00""","y:37.98","s:""2""}","{""y"":42.09","x:""00:02:00""","s:""1""}","{""x"":""00:02:00""","y:43.36","s:""2""}","{""y"":41.85","x:""00:04:00""","s:""1""}","{""x"":""00:04:00""","y:42.97","s:""2""}","{""y"":41.02","x:""00:06:00""","s:""1""}","{""x"":""00:"
"703","2019/1/12 2:50","32.17","主城区","32.25","[{""y"":30.45","x:""00:00:00""","s:""1""}","{""x"":""00:00:00""","y:30.92","s:""2""}","{""y"":30.44","x:""00:02:00""","s:""1""}","{""x"":""00:02:00""","y:31.2","s:""2""}","{""y"":30.48","x:""00:04:00""","s:""1""}","{""x"":""00:04:00""","y:31.06","s:""2""}","{""y"":30.49","x:""00:06:00""","s:""1""}","{""x"":""00:0"
"704","2019/1/12 2:50","36.42","余杭大队","36.91","[{""y"":36.37","x:""00:00:00""","s:""1""}","{""x"":""00:00:00""","y:35.51","s:""2""}","{""y"":36.47","x:""00:02:00""","s:""1""}","{""x"":""00:02:00""","y:35.92","s:""2""}","{""y"":36.48","x:""00:04:00""","s:""1""}","{""x"":""00:04:00""","y:36.02","s:""2""}","{""y"":36.23","x:""00:06:00""","s:""1""}","{""x"":""00:"
"705","2019/1/12 2:50","47.46","大江东大队","45.18","[{""y"":47.21","x:""00:00:00""","s:""1""}","{""x"":""00:00:00""","y:46.46","s:""2""}","{""y"":47.5","x:""00:02:00""","s:""1""}","{""x"":""00:02:00""","y:47.48","s:""2""}","{""y"":47.01","x:""00:04:00""","s:""1""}","{""x"":""00:04:00""","y:47.41","s:""2""}","{""y"":46.76","x:""00:06:00""","s:""1""}","{""x"":""00:0"
"706","2019/1/12 2:50","46.42","富阳大队","47.8","[{""y"":41.59","x:""00:00:00""","s:""1""}","{""x"":""00:00:00""","y:34.53","s:""2""}","{""y"":41.31","x:""00:02:00""","s:""1""}","{""x"":""00:02:00""","y:40.01","s:""2""}","{""y"":41.55","x:""00:04:00""","s:""1""}","{""x"":""00:04:00""","y:32.89","s:""2""}","{""y"":41.75","x:""00:06:00""","s:""1""}","{""x"":""00:"
"707","2019/1/12 2:50","39.68","建德大队","35.18","[{""y"":36.11","x:""00:00:00""","s:""1""}","{""x"":""00:00:00""","y:35.36","s:""2""}","{""y"":36.25","x:""00:02:00""","s:""1""}","{""x"":""00:02:00""","y:36.38","s:""2""}","{""y"":36.37","x:""00:04:00""","s:""1""}","{""x"":""00:04:00""","y:35.85","s:""2""}","{""y"":36.09","x:""00:06:00""","s:""1""}","{""x"":""00:"
"708","2019/1/12 2:50","30.91","拱墅大队","29.96","[{""y"":29","x:""00:00:00""","s:""1""}","{""x"":""00:00:00""","y:28.99","s:""2""}","{""y"":29.07","x:""00:02:00""","s:""1""}","{""x"":""00:02:00""","y:29.35","s:""2""}","{""y"":29.12","x:""00:04:00""","s:""1""}","{""x"":""00:04:00""","y:29.07","s:""2""}","{""y"":29.09","x:""00:06:00""","s:""1""}","{""x"":""00:06:"
"709","2019/1/12 2:50","38.33","景区大队","41.85","[{""y"":35.22","x:""00:00:00""","s:""1""}","{""x"":""00:00:00""","y:38.65","s:""2""}","{""y"":35.02","x:""00:02:00""","s:""1""}","{""x"":""00:02:00""","y:40.1","s:""2""}","{""y"":34.98","x:""00:04:00""","s:""1""}","{""x"":""00:04:00""","y:40.28","s:""2""}","{""y"":34.87","x:""00:06:00""","s:""1""}","{""x"":""00:0"
"71","2019/1/12 0:14","45.53","富阳大队","39.99","[{""y"":41.59","x:""00:00:00""","s:""1""}","{""x"":""00:00:00""","y:34.53","s:""2""}","{""y"":41.31","x:""00:02:00""","s:""1""}","{""x"":""00:02:00""","y:40.01","s:""2""}","{""y"":41.55","x:""00:04:00""","s:""1""}","{""x"":""00:04:00""","y:32.89","s:""2""}","{""y"":41.75","x:""00:06:00""","s:""1""}","{""x"":""00:"
"710","2019/1/12 2:50","39.94","桐庐大队","41.61","[{""y"":34.81","x:""00:00:00""","s:""1""}","{""x"":""00:00:00""","y:36.67","s:""2""}","{""y"":35.94","x:""00:02:00""","s:""1""}","{""x"":""00:02:00""","y:37.66","s:""2""}","{""y"":35.75","x:""00:04:00""","s:""1""}","{""x"":""00:04:00""","y:36.04","s:""2""}","{""y"":36.98","x:""00:06:00""","s:""1""}","{""x"":""00:"
"711","2019/1/12 2:50","32.76","江干大队","33.18","[{""y"":31.05","x:""00:00:00""","s:""1""}","{""x"":""00:00:00""","y:31.64","s:""2""}","{""y"":31.09","x:""00:02:00""","s:""1""}","{""x"":""00:02:00""","y:31.66","s:""2""}","{""y"":31.07","x:""00:04:00""","s:""1""}","{""x"":""00:04:00""","y:31.5","s:""2""}","{""y"":31.13","x:""00:06:00""","s:""1""}","{""x"":""00:0"
"712","2019/1/12 2:50","39.75","淳安大队","40.969","[{""y"":37.38","x:""00:00:00""","s:""1""}","{""x"":""00:00:00""","y:32.32","s:""2""}","{""y"":37.27","x:""00:02:00""","s:""1""}","{""x"":""00:02:00""","y:32.13","s:""2""}","{""y"":37.44","x:""00:04:00""","s:""1""}","{""x"":""00:04:00""","y:34.13","s:""2""}","{""y"":37.63","x:""00:06:00""","s:""1""}","{""x"":""00:"
"713","2019/1/12 2:50","36.35","滨江大队","33.92","[{""y"":33.38","x:""00:00:00""","s:""1""}","{""x"":""00:00:00""","y:33.22","s:""2""}","{""y"":33.38","x:""00:02:00""","s:""1""}","{""x"":""00:02:00""","y:33.44","s:""2""}","{""y"":33.42","x:""00:04:00""","s:""1""}","{""x"":""00:04:00""","y:33.42","s:""2""}","{""y"":33.33","x:""00:06:00""","s:""1""}","{""x"":""00:"
"714","2019/1/12 2:50","43.47","萧山大队","38.13","[{""y"":39.77","x:""00:00:00""","s:""1""}","{""x"":""00:00:00""","y:39.01","s:""2""}","{""y"":39.34","x:""00:02:00""","s:""1""}","{""x"":""00:02:00""","y:38.8","s:""2""}","{""y"":39.57","x:""00:04:00""","s:""1""}","{""x"":""00:04:00""","y:38.82","s:""2""}","{""y"":39.87","x:""00:06:00""","s:""1""}","{""x"":""00:0"
"715","2019/1/12 2:50","33.52","西湖大队","33.34","[{""y"":31.45","x:""00:00:00""","s:""1""}","{""x"":""00:00:00""","y:31.86","s:""2""}","{""y"":31.39","x:""00:02:00""","s:""1""}","{""x"":""00:02:00""","y:32.19","s:""2""}","{""y"":31.56","x:""00:04:00""","s:""1""}","{""x"":""00:04:00""","y:32.32","s:""2""}","{""y"":31.56","x:""00:06:00""","s:""1""}","{""x"":""00:"
"716","2019/1/12 2:52","30.48","上城大队","31.33","[{""y"":28.65","x:""00:00:00""","s:""1""}","{""x"":""00:00:00""","y:28.86","s:""2""}","{""y"":28.44","x:""00:02:00""","s:""1""}","{""x"":""00:02:00""","y:29.54","s:""2""}","{""y"":28.39","x:""00:04:00""","s:""1""}","{""x"":""00:04:00""","y:28.92","s:""2""}","{""y"":28.41","x:""00:06:00""","s:""1""}","{""x"":""00:"
"717","2019/1/12 2:52","30.16","下城大队","31.41","[{""y"":27.94","x:""00:00:00""","s:""1""}","{""x"":""00:00:00""","y:28.69","s:""2""}","{""y"":28.01","x:""00:02:00""","s:""1""}","{""x"":""00:02:00""","y:28.63","s:""2""}","{""y"":28","x:""00:04:00""","s:""1""}","{""x"":""00:04:00""","y:28.66","s:""2""}","{""y"":28.04","x:""00:06:00""","s:""1""}","{""x"":""00:06:"
"718","2019/1/12 2:52","33.99","下沙大队","34.19","[{""y"":31.78","x:""00:00:00""","s:""1""}","{""x"":""00:00:00""","y:33.02","s:""2""}","{""y"":31.73","x:""00:02:00""","s:""1""}","{""x"":""00:02:00""","y:33.25","s:""2""}","{""y"":31.94","x:""00:04:00""","s:""1""}","{""x"":""00:04:00""","y:32.58","s:""2""}","{""y"":32.02","x:""00:06:00""","s:""1""}","{""x"":""00:"
"719","2019/1/12 2:52","32.17","主城区","32.26","[{""y"":30.45","x:""00:00:00""","s:""1""}","{""x"":""00:00:00""","y:30.92","s:""2""}","{""y"":30.44","x:""00:02:00""","s:""1""}","{""x"":""00:02:00""","y:31.2","s:""2""}","{""y"":30.48","x:""00:04:00""","s:""1""}","{""x"":""00:04:00""","y:31.06","s:""2""}","{""y"":30.49","x:""00:06:00""","s:""1""}","{""x"":""00:0"
"72","2019/1/12 0:14","36.01","建德大队","35.83","[{""y"":36.11","x:""00:00:00""","s:""1""}","{""x"":""00:00:00""","y:35.36","s:""2""}","{""y"":36.25","x:""00:02:00""","s:""1""}","{""x"":""00:02:00""","y:36.38","s:""2""}","{""y"":36.37","x:""00:04:00""","s:""1""}","{""x"":""00:04:00""","y:35.85","s:""2""}","{""y"":36.09","x:""00:06:00""","s:""1""}","{""x"":""00:"
"720","2019/1/12 2:52","45.69","富阳大队","46.73","[{""y"":41.59","x:""00:00:00""","s:""1""}","{""x"":""00:00:00""","y:34.53","s:""2""}","{""y"":41.31","x:""00:02:00""","s:""1""}","{""x"":""00:02:00""","y:40.01","s:""2""}","{""y"":41.55","x:""00:04:00""","s:""1""}","{""x"":""00:04:00""","y:32.89","s:""2""}","{""y"":41.75","x:""00:06:00""","s:""1""}","{""x"":""00:"
"721","2019/1/12 2:52","39.6","建德大队","35.58","[{""y"":36.11","x:""00:00:00""","s:""1""}","{""x"":""00:00:00""","y:35.36","s:""2""}","{""y"":36.25","x:""00:02:00""","s:""1""}","{""x"":""00:02:00""","y:36.38","s:""2""}","{""y"":36.37","x:""00:04:00""","s:""1""}","{""x"":""00:04:00""","y:35.85","s:""2""}","{""y"":36.09","x:""00:06:00""","s:""1""}","{""x"":""00:"
"722","2019/1/12 2:52","30.97","拱墅大队","30.04","[{""y"":29","x:""00:00:00""","s:""1""}","{""x"":""00:00:00""","y:28.99","s:""2""}","{""y"":29.07","x:""00:02:00""","s:""1""}","{""x"":""00:02:00""","y:29.35","s:""2""}","{""y"":29.12","x:""00:04:00""","s:""1""}","{""x"":""00:04:00""","y:29.07","s:""2""}","{""y"":29.09","x:""00:06:00""","s:""1""}","{""x"":""00:06:"
"723","2019/1/12 2:52","39.93","淳安大队","41.154","[{""y"":37.38","x:""00:00:00""","s:""1""}","{""x"":""00:00:00""","y:32.32","s:""2""}","{""y"":37.27","x:""00:02:00""","s:""1""}","{""x"":""00:02:00""","y:32.13","s:""2""}","{""y"":37.44","x:""00:04:00""","s:""1""}","{""x"":""00:04:00""","y:34.13","s:""2""}","{""y"":37.63","x:""00:06:00""","s:""1""}","{""x"":""00:"
"724","2019/1/12 2:52","36.43","滨江大队","33.46","[{""y"":33.38","x:""00:00:00""","s:""1""}","{""x"":""00:00:00""","y:33.22","s:""2""}","{""y"":33.38","x:""00:02:00""","s:""1""}","{""x"":""00:02:00""","y:33.44","s:""2""}","{""y"":33.42","x:""00:04:00""","s:""1""}","{""x"":""00:04:00""","y:33.42","s:""2""}","{""y"":33.33","x:""00:06:00""","s:""1""}","{""x"":""00:"
"725","2019/1/12 2:52","33.47","西湖大队","33.13","[{""y"":31.45","x:""00:00:00""","s:""1""}","{""x"":""00:00:00""","y:31.86","s:""2""}","{""y"":31.39","x:""00:02:00""","s:""1""}","{""x"":""00:02:00""","y:32.19","s:""2""}","{""y"":31.56","x:""00:04:00""","s:""1""}","{""x"":""00:04:00""","y:32.32","s:""2""}","{""y"":31.56","x:""00:06:00""","s:""1""}","{""x"":""00:"
"726","2019/1/12 2:54","30.45","上城大队","31.96","[{""y"":28.65","x:""00:00:00""","s:""1""}","{""x"":""00:00:00""","y:28.86","s:""2""}","{""y"":28.44","x:""00:02:00""","s:""1""}","{""x"":""00:02:00""","y:29.54","s:""2""}","{""y"":28.39","x:""00:04:00""","s:""1""}","{""x"":""00:04:00""","y:28.92","s:""2""}","{""y"":28.41","x:""00:06:00""","s:""1""}","{""x"":""00:"
"727","2019/1/12 2:54","30.09","下城大队","31.48","[{""y"":27.94","x:""00:00:00""","s:""1""}","{""x"":""00:00:00""","y:28.69","s:""2""}","{""y"":28.01","x:""00:02:00""","s:""1""}","{""x"":""00:02:00""","y:28.63","s:""2""}","{""y"":28","x:""00:04:00""","s:""1""}","{""x"":""00:04:00""","y:28.66","s:""2""}","{""y"":28.04","x:""00:06:00""","s:""1""}","{""x"":""00:06:"
"728","2019/1/12 2:54","34.08","下沙大队","33.89","[{""y"":31.78","x:""00:00:00""","s:""1""}","{""x"":""00:00:00""","y:33.02","s:""2""}","{""y"":31.73","x:""00:02:00""","s:""1""}","{""x"":""00:02:00""","y:33.25","s:""2""}","{""y"":31.94","x:""00:04:00""","s:""1""}","{""x"":""00:04:00""","y:32.58","s:""2""}","{""y"":32.02","x:""00:06:00""","s:""1""}","{""x"":""00:"
"729","2019/1/12 2:54","36.84","临安大队","41.87","[{""y"":43.53","x:""00:00:00""","s:""1""}","{""x"":""00:00:00""","y:37.98","s:""2""}","{""y"":42.09","x:""00:02:00""","s:""1""}","{""x"":""00:02:00""","y:43.36","s:""2""}","{""y"":41.85","x:""00:04:00""","s:""1""}","{""x"":""00:04:00""","y:42.97","s:""2""}","{""y"":41.02","x:""00:06:00""","s:""1""}","{""x"":""00:"
"73","2019/1/12 0:14","29.34","拱墅大队","29.05","[{""y"":29","x:""00:00:00""","s:""1""}","{""x"":""00:00:00""","y:28.99","s:""2""}","{""y"":29.07","x:""00:02:00""","s:""1""}","{""x"":""00:02:00""","y:29.35","s:""2""}","{""y"":29.12","x:""00:04:00""","s:""1""}","{""x"":""00:04:00""","y:29.07","s:""2""}","{""y"":29.09","x:""00:06:00""","s:""1""}","{""x"":""00:06:"
"730","2019/1/12 2:54","32.21","主城区","32.27","[{""y"":30.45","x:""00:00:00""","s:""1""}","{""x"":""00:00:00""","y:30.92","s:""2""}","{""y"":30.44","x:""00:02:00""","s:""1""}","{""x"":""00:02:00""","y:31.2","s:""2""}","{""y"":30.48","x:""00:04:00""","s:""1""}","{""x"":""00:04:00""","y:31.06","s:""2""}","{""y"":30.49","x:""00:06:00""","s:""1""}","{""x"":""00:0"
"731","2019/1/12 2:54","36.53","余杭大队","36.02","[{""y"":36.37","x:""00:00:00""","s:""1""}","{""x"":""00:00:00""","y:35.51","s:""2""}","{""y"":36.47","x:""00:02:00""","s:""1""}","{""x"":""00:02:00""","y:35.92","s:""2""}","{""y"":36.48","x:""00:04:00""","s:""1""}","{""x"":""00:04:00""","y:36.02","s:""2""}","{""y"":36.23","x:""00:06:00""","s:""1""}","{""x"":""00:"
"732","2019/1/12 2:54","48.33","大江东大队","44.82","[{""y"":47.21","x:""00:00:00""","s:""1""}","{""x"":""00:00:00""","y:46.46","s:""2""}","{""y"":47.5","x:""00:02:00""","s:""1""}","{""x"":""00:02:00""","y:47.48","s:""2""}","{""y"":47.01","x:""00:04:00""","s:""1""}","{""x"":""00:04:00""","y:47.41","s:""2""}","{""y"":46.76","x:""00:06:00""","s:""1""}","{""x"":""00:0"
"733","2019/1/12 2:54","46.28","富阳大队","48.03","[{""y"":41.59","x:""00:00:00""","s:""1""}","{""x"":""00:00:00""","y:34.53","s:""2""}","{""y"":41.31","x:""00:02:00""","s:""1""}","{""x"":""00:02:00""","y:40.01","s:""2""}","{""y"":41.55","x:""00:04:00""","s:""1""}","{""x"":""00:04:00""","y:32.89","s:""2""}","{""y"":41.75","x:""00:06:00""","s:""1""}","{""x"":""00:"
"734","2019/1/12 2:54","39.5","建德大队","35.85","[{""y"":36.11","x:""00:00:00""","s:""1""}","{""x"":""00:00:00""","y:35.36","s:""2""}","{""y"":36.25","x:""00:02:00""","s:""1""}","{""x"":""00:02:00""","y:36.38","s:""2""}","{""y"":36.37","x:""00:04:00""","s:""1""}","{""x"":""00:04:00""","y:35.85","s:""2""}","{""y"":36.09","x:""00:06:00""","s:""1""}","{""x"":""00:"
"735","2019/1/12 2:54","31.06","拱墅大队","29.76","[{""y"":29","x:""00:00:00""","s:""1""}","{""x"":""00:00:00""","y:28.99","s:""2""}","{""y"":29.07","x:""00:02:00""","s:""1""}","{""x"":""00:02:00""","y:29.35","s:""2""}","{""y"":29.12","x:""00:04:00""","s:""1""}","{""x"":""00:04:00""","y:29.07","s:""2""}","{""y"":29.09","x:""00:06:00""","s:""1""}","{""x"":""00:06:"
"736","2019/1/12 2:54","37.83","景区大队","39.65","[{""y"":35.22","x:""00:00:00""","s:""1""}","{""x"":""00:00:00""","y:38.65","s:""2""}","{""y"":35.02","x:""00:02:00""","s:""1""}","{""x"":""00:02:00""","y:40.1","s:""2""}","{""y"":34.98","x:""00:04:00""","s:""1""}","{""x"":""00:04:00""","y:40.28","s:""2""}","{""y"":34.87","x:""00:06:00""","s:""1""}","{""x"":""00:0"
"737","2019/1/12 2:54","39.7","桐庐大队","41.19","[{""y"":34.81","x:""00:00:00""","s:""1""}","{""x"":""00:00:00""","y:36.67","s:""2""}","{""y"":35.94","x:""00:02:00""","s:""1""}","{""x"":""00:02:00""","y:37.66","s:""2""}","{""y"":35.75","x:""00:04:00""","s:""1""}","{""x"":""00:04:00""","y:36.04","s:""2""}","{""y"":36.98","x:""00:06:00""","s:""1""}","{""x"":""00:"
"738","2019/1/12 2:54","32.85","江干大队","33.26","[{""y"":31.05","x:""00:00:00""","s:""1""}","{""x"":""00:00:00""","y:31.64","s:""2""}","{""y"":31.09","x:""00:02:00""","s:""1""}","{""x"":""00:02:00""","y:31.66","s:""2""}","{""y"":31.07","x:""00:04:00""","s:""1""}","{""x"":""00:04:00""","y:31.5","s:""2""}","{""y"":31.13","x:""00:06:00""","s:""1""}","{""x"":""00:0"
"739","2019/1/12 2:54","36.1","滨江大队","34.51","[{""y"":33.38","x:""00:00:00""","s:""1""}","{""x"":""00:00:00""","y:33.22","s:""2""}","{""y"":33.38","x:""00:02:00""","s:""1""}","{""x"":""00:02:00""","y:33.44","s:""2""}","{""y"":33.42","x:""00:04:00""","s:""1""}","{""x"":""00:04:00""","y:33.42","s:""2""}","{""y"":33.33","x:""00:06:00""","s:""1""}","{""x"":""00:"
"74","2019/1/12 0:14","34.96","景区大队","37.81","[{""y"":35.22","x:""00:00:00""","s:""1""}","{""x"":""00:00:00""","y:38.65","s:""2""}","{""y"":35.02","x:""00:02:00""","s:""1""}","{""x"":""00:02:00""","y:40.1","s:""2""}","{""y"":34.98","x:""00:04:00""","s:""1""}","{""x"":""00:04:00""","y:40.28","s:""2""}","{""y"":34.87","x:""00:06:00""","s:""1""}","{""x"":""00:0"
"740","2019/1/12 2:54","42.88","萧山大队","36.89","[{""y"":39.77","x:""00:00:00""","s:""1""}","{""x"":""00:00:00""","y:39.01","s:""2""}","{""y"":39.34","x:""00:02:00""","s:""1""}","{""x"":""00:02:00""","y:38.8","s:""2""}","{""y"":39.57","x:""00:04:00""","s:""1""}","{""x"":""00:04:00""","y:38.82","s:""2""}","{""y"":39.87","x:""00:06:00""","s:""1""}","{""x"":""00:0"
"741","2019/1/12 2:54","33.54","西湖大队","32.99","[{""y"":31.45","x:""00:00:00""","s:""1""}","{""x"":""00:00:00""","y:31.86","s:""2""}","{""y"":31.39","x:""00:02:00""","s:""1""}","{""x"":""00:02:00""","y:32.19","s:""2""}","{""y"":31.56","x:""00:04:00""","s:""1""}","{""x"":""00:04:00""","y:32.32","s:""2""}","{""y"":31.56","x:""00:06:00""","s:""1""}","{""x"":""00:"
"742","2019/1/12 2:56","30.54","上城大队","31.92","[{""y"":28.65","x:""00:00:00""","s:""1""}","{""x"":""00:00:00""","y:28.86","s:""2""}","{""y"":28.44","x:""00:02:00""","s:""1""}","{""x"":""00:02:00""","y:29.54","s:""2""}","{""y"":28.39","x:""00:04:00""","s:""1""}","{""x"":""00:04:00""","y:28.92","s:""2""}","{""y"":28.41","x:""00:06:00""","s:""1""}","{""x"":""00:"
"743","2019/1/12 2:56","30.2","下城大队","30.63","[{""y"":27.94","x:""00:00:00""","s:""1""}","{""x"":""00:00:00""","y:28.69","s:""2""}","{""y"":28.01","x:""00:02:00""","s:""1""}","{""x"":""00:02:00""","y:28.63","s:""2""}","{""y"":28","x:""00:04:00""","s:""1""}","{""x"":""00:04:00""","y:28.66","s:""2""}","{""y"":28.04","x:""00:06:00""","s:""1""}","{""x"":""00:06:"
"744","2019/1/12 2:56","34.25","下沙大队","33.94","[{""y"":31.78","x:""00:00:00""","s:""1""}","{""x"":""00:00:00""","y:33.02","s:""2""}","{""y"":31.73","x:""00:02:00""","s:""1""}","{""x"":""00:02:00""","y:33.25","s:""2""}","{""y"":31.94","x:""00:04:00""","s:""1""}","{""x"":""00:04:00""","y:32.58","s:""2""}","{""y"":32.02","x:""00:06:00""","s:""1""}","{""x"":""00:"
"745","2019/1/12 2:56","38.33","临安大队","38.25","[{""y"":43.53","x:""00:00:00""","s:""1""}","{""x"":""00:00:00""","y:37.98","s:""2""}","{""y"":42.09","x:""00:02:00""","s:""1""}","{""x"":""00:02:00""","y:43.36","s:""2""}","{""y"":41.85","x:""00:04:00""","s:""1""}","{""x"":""00:04:00""","y:42.97","s:""2""}","{""y"":41.02","x:""00:06:00""","s:""1""}","{""x"":""00:"
"746","2019/1/12 2:56","32.33","主城区","32.17","[{""y"":30.45","x:""00:00:00""","s:""1""}","{""x"":""00:00:00""","y:30.92","s:""2""}","{""y"":30.44","x:""00:02:00""","s:""1""}","{""x"":""00:02:00""","y:31.2","s:""2""}","{""y"":30.48","x:""00:04:00""","s:""1""}","{""x"":""00:04:00""","y:31.06","s:""2""}","{""y"":30.49","x:""00:06:00""","s:""1""}","{""x"":""00:0"
"747","2019/1/12 2:56","36.68","余杭大队","36.41","[{""y"":36.37","x:""00:00:00""","s:""1""}","{""x"":""00:00:00""","y:35.51","s:""2""}","{""y"":36.47","x:""00:02:00""","s:""1""}","{""x"":""00:02:00""","y:35.92","s:""2""}","{""y"":36.48","x:""00:04:00""","s:""1""}","{""x"":""00:04:00""","y:36.02","s:""2""}","{""y"":36.23","x:""00:06:00""","s:""1""}","{""x"":""00:"
"748","2019/1/12 2:56","48.35","大江东大队","42.51","[{""y"":47.21","x:""00:00:00""","s:""1""}","{""x"":""00:00:00""","y:46.46","s:""2""}","{""y"":47.5","x:""00:02:00""","s:""1""}","{""x"":""00:02:00""","y:47.48","s:""2""}","{""y"":47.01","x:""00:04:00""","s:""1""}","{""x"":""00:04:00""","y:47.41","s:""2""}","{""y"":46.76","x:""00:06:00""","s:""1""}","{""x"":""00:0"
"749","2019/1/12 2:56","45.9","富阳大队","45.5","[{""y"":41.59","x:""00:00:00""","s:""1""}","{""x"":""00:00:00""","y:34.53","s:""2""}","{""y"":41.31","x:""00:02:00""","s:""1""}","{""x"":""00:02:00""","y:40.01","s:""2""}","{""y"":41.55","x:""00:04:00""","s:""1""}","{""x"":""00:04:00""","y:32.89","s:""2""}","{""y"":41.75","x:""00:06:00""","s:""1""}","{""x"":""00:"
"75","2019/1/12 0:14","35.97","桐庐大队","34.42","[{""y"":34.81","x:""00:00:00""","s:""1""}","{""x"":""00:00:00""","y:36.67","s:""2""}","{""y"":35.94","x:""00:02:00""","s:""1""}","{""x"":""00:02:00""","y:37.66","s:""2""}","{""y"":35.75","x:""00:04:00""","s:""1""}","{""x"":""00:04:00""","y:36.04","s:""2""}","{""y"":36.98","x:""00:06:00""","s:""1""}","{""x"":""00:"
"750","2019/1/12 2:56","39.53","建德大队","37","[{""y"":36.11","x:""00:00:00""","s:""1""}","{""x"":""00:00:00""","y:35.36","s:""2""}","{""y"":36.25","x:""00:02:00""","s:""1""}","{""x"":""00:02:00""","y:36.38","s:""2""}","{""y"":36.37","x:""00:04:00""","s:""1""}","{""x"":""00:04:00""","y:35.85","s:""2""}","{""y"":36.09","x:""00:06:00""","s:""1""}","{""x"":""00:"
"751","2019/1/12 2:56","31.38","拱墅大队","29.98","[{""y"":29","x:""00:00:00""","s:""1""}","{""x"":""00:00:00""","y:28.99","s:""2""}","{""y"":29.07","x:""00:02:00""","s:""1""}","{""x"":""00:02:00""","y:29.35","s:""2""}","{""y"":29.12","x:""00:04:00""","s:""1""}","{""x"":""00:04:00""","y:29.07","s:""2""}","{""y"":29.09","x:""00:06:00""","s:""1""}","{""x"":""00:06:"
"752","2019/1/12 2:56","37.8","景区大队","38.52","[{""y"":35.22","x:""00:00:00""","s:""1""}","{""x"":""00:00:00""","y:38.65","s:""2""}","{""y"":35.02","x:""00:02:00""","s:""1""}","{""x"":""00:02:00""","y:40.1","s:""2""}","{""y"":34.98","x:""00:04:00""","s:""1""}","{""x"":""00:04:00""","y:40.28","s:""2""}","{""y"":34.87","x:""00:06:00""","s:""1""}","{""x"":""00:0"
"753","2019/1/12 2:56","39.63","桐庐大队","35.34","[{""y"":34.81","x:""00:00:00""","s:""1""}","{""x"":""00:00:00""","y:36.67","s:""2""}","{""y"":35.94","x:""00:02:00""","s:""1""}","{""x"":""00:02:00""","y:37.66","s:""2""}","{""y"":35.75","x:""00:04:00""","s:""1""}","{""x"":""00:04:00""","y:36.04","s:""2""}","{""y"":36.98","x:""00:06:00""","s:""1""}","{""x"":""00:"
"754","2019/1/12 2:56","32.92","江干大队","33.38","[{""y"":31.05","x:""00:00:00""","s:""1""}","{""x"":""00:00:00""","y:31.64","s:""2""}","{""y"":31.09","x:""00:02:00""","s:""1""}","{""x"":""00:02:00""","y:31.66","s:""2""}","{""y"":31.07","x:""00:04:00""","s:""1""}","{""x"":""00:04:00""","y:31.5","s:""2""}","{""y"":31.13","x:""00:06:00""","s:""1""}","{""x"":""00:0"
"755","2019/1/12 2:56","36.31","滨江大队","34.64","[{""y"":33.38","x:""00:00:00""","s:""1""}","{""x"":""00:00:00""","y:33.22","s:""2""}","{""y"":33.38","x:""00:02:00""","s:""1""}","{""x"":""00:02:00""","y:33.44","s:""2""}","{""y"":33.42","x:""00:04:00""","s:""1""}","{""x"":""00:04:00""","y:33.42","s:""2""}","{""y"":33.33","x:""00:06:00""","s:""1""}","{""x"":""00:"
"756","2019/1/12 2:56","43.07","萧山大队","38.5","[{""y"":39.77","x:""00:00:00""","s:""1""}","{""x"":""00:00:00""","y:39.01","s:""2""}","{""y"":39.34","x:""00:02:00""","s:""1""}","{""x"":""00:02:00""","y:38.8","s:""2""}","{""y"":39.57","x:""00:04:00""","s:""1""}","{""x"":""00:04:00""","y:38.82","s:""2""}","{""y"":39.87","x:""00:06:00""","s:""1""}","{""x"":""00:0"
"757","2019/1/12 2:56","33.67","西湖大队","32.92","[{""y"":31.45","x:""00:00:00""","s:""1""}","{""x"":""00:00:00""","y:31.86","s:""2""}","{""y"":31.39","x:""00:02:00""","s:""1""}","{""x"":""00:02:00""","y:32.19","s:""2""}","{""y"":31.56","x:""00:04:00""","s:""1""}","{""x"":""00:04:00""","y:32.32","s:""2""}","{""y"":31.56","x:""00:06:00""","s:""1""}","{""x"":""00:"
"758","2019/1/12 2:58","30.69","上城大队","31.26","[{""y"":28.65","x:""00:00:00""","s:""1""}","{""x"":""00:00:00""","y:28.86","s:""2""}","{""y"":28.44","x:""00:02:00""","s:""1""}","{""x"":""00:02:00""","y:29.54","s:""2""}","{""y"":28.39","x:""00:04:00""","s:""1""}","{""x"":""00:04:00""","y:28.92","s:""2""}","{""y"":28.41","x:""00:06:00""","s:""1""}","{""x"":""00:"
"759","2019/1/12 2:58","36.38","余杭大队","35.77","[{""y"":36.37","x:""00:00:00""","s:""1""}","{""x"":""00:00:00""","y:35.51","s:""2""}","{""y"":36.47","x:""00:02:00""","s:""1""}","{""x"":""00:02:00""","y:35.92","s:""2""}","{""y"":36.48","x:""00:04:00""","s:""1""}","{""x"":""00:04:00""","y:36.02","s:""2""}","{""y"":36.23","x:""00:06:00""","s:""1""}","{""x"":""00:"
"76","2019/1/12 0:14","31.32","江干大队","31.81","[{""y"":31.05","x:""00:00:00""","s:""1""}","{""x"":""00:00:00""","y:31.64","s:""2""}","{""y"":31.09","x:""00:02:00""","s:""1""}","{""x"":""00:02:00""","y:31.66","s:""2""}","{""y"":31.07","x:""00:04:00""","s:""1""}","{""x"":""00:04:00""","y:31.5","s:""2""}","{""y"":31.13","x:""00:06:00""","s:""1""}","{""x"":""00:0"
"760","2019/1/12 2:58","47.72","大江东大队","43.18","[{""y"":47.21","x:""00:00:00""","s:""1""}","{""x"":""00:00:00""","y:46.46","s:""2""}","{""y"":47.5","x:""00:02:00""","s:""1""}","{""x"":""00:02:00""","y:47.48","s:""2""}","{""y"":47.01","x:""00:04:00""","s:""1""}","{""x"":""00:04:00""","y:47.41","s:""2""}","{""y"":46.76","x:""00:06:00""","s:""1""}","{""x"":""00:0"
"761","2019/1/12 2:58","40.14","建德大队","37.2","[{""y"":36.11","x:""00:00:00""","s:""1""}","{""x"":""00:00:00""","y:35.36","s:""2""}","{""y"":36.25","x:""00:02:00""","s:""1""}","{""x"":""00:02:00""","y:36.38","s:""2""}","{""y"":36.37","x:""00:04:00""","s:""1""}","{""x"":""00:04:00""","y:35.85","s:""2""}","{""y"":36.09","x:""00:06:00""","s:""1""}","{""x"":""00:"
"762","2019/1/12 2:58","31.2","拱墅大队","29.88","[{""y"":29","x:""00:00:00""","s:""1""}","{""x"":""00:00:00""","y:28.99","s:""2""}","{""y"":29.07","x:""00:02:00""","s:""1""}","{""x"":""00:02:00""","y:29.35","s:""2""}","{""y"":29.12","x:""00:04:00""","s:""1""}","{""x"":""00:04:00""","y:29.07","s:""2""}","{""y"":29.09","x:""00:06:00""","s:""1""}","{""x"":""00:06:"
"763","2019/1/12 2:58","38.31","景区大队","38.86","[{""y"":35.22","x:""00:00:00""","s:""1""}","{""x"":""00:00:00""","y:38.65","s:""2""}","{""y"":35.02","x:""00:02:00""","s:""1""}","{""x"":""00:02:00""","y:40.1","s:""2""}","{""y"":34.98","x:""00:04:00""","s:""1""}","{""x"":""00:04:00""","y:40.28","s:""2""}","{""y"":34.87","x:""00:06:00""","s:""1""}","{""x"":""00:0"
"764","2019/1/12 2:58","39.66","桐庐大队","36.18","[{""y"":34.81","x:""00:00:00""","s:""1""}","{""x"":""00:00:00""","y:36.67","s:""2""}","{""y"":35.94","x:""00:02:00""","s:""1""}","{""x"":""00:02:00""","y:37.66","s:""2""}","{""y"":35.75","x:""00:04:00""","s:""1""}","{""x"":""00:04:00""","y:36.04","s:""2""}","{""y"":36.98","x:""00:06:00""","s:""1""}","{""x"":""00:"
"765","2019/1/12 2:58","32.91","江干大队","33.05","[{""y"":31.05","x:""00:00:00""","s:""1""}","{""x"":""00:00:00""","y:31.64","s:""2""}","{""y"":31.09","x:""00:02:00""","s:""1""}","{""x"":""00:02:00""","y:31.66","s:""2""}","{""y"":31.07","x:""00:04:00""","s:""1""}","{""x"":""00:04:00""","y:31.5","s:""2""}","{""y"":31.13","x:""00:06:00""","s:""1""}","{""x"":""00:0"
"766","2019/1/12 2:58","36.23","滨江大队","34.86","[{""y"":33.38","x:""00:00:00""","s:""1""}","{""x"":""00:00:00""","y:33.22","s:""2""}","{""y"":33.38","x:""00:02:00""","s:""1""}","{""x"":""00:02:00""","y:33.44","s:""2""}","{""y"":33.42","x:""00:04:00""","s:""1""}","{""x"":""00:04:00""","y:33.42","s:""2""}","{""y"":33.33","x:""00:06:00""","s:""1""}","{""x"":""00:"
"767","2019/1/12 2:58","33.66","西湖大队","33.18","[{""y"":31.45","x:""00:00:00""","s:""1""}","{""x"":""00:00:00""","y:31.86","s:""2""}","{""y"":31.39","x:""00:02:00""","s:""1""}","{""x"":""00:02:00""","y:32.19","s:""2""}","{""y"":31.56","x:""00:04:00""","s:""1""}","{""x"":""00:04:00""","y:32.32","s:""2""}","{""y"":31.56","x:""00:06:00""","s:""1""}","{""x"":""00:"
"768","2019/1/12 3:00","30.92","上城大队","31.09","[{""y"":28.65","x:""00:00:00""","s:""1""}","{""x"":""00:00:00""","y:28.86","s:""2""}","{""y"":28.44","x:""00:02:00""","s:""1""}","{""x"":""00:02:00""","y:29.54","s:""2""}","{""y"":28.39","x:""00:04:00""","s:""1""}","{""x"":""00:04:00""","y:28.92","s:""2""}","{""y"":28.41","x:""00:06:00""","s:""1""}","{""x"":""00:"
"769","2019/1/12 3:00","30.05","下城大队","30.5","[{""y"":27.94","x:""00:00:00""","s:""1""}","{""x"":""00:00:00""","y:28.69","s:""2""}","{""y"":28.01","x:""00:02:00""","s:""1""}","{""x"":""00:02:00""","y:28.63","s:""2""}","{""y"":28","x:""00:04:00""","s:""1""}","{""x"":""00:04:00""","y:28.66","s:""2""}","{""y"":28.04","x:""00:06:00""","s:""1""}","{""x"":""00:06:"
"77","2019/1/12 0:14","38.11","淳安大队","36.4","[{""y"":37.38","x:""00:00:00""","s:""1""}","{""x"":""00:00:00""","y:32.32","s:""2""}","{""y"":37.27","x:""00:02:00""","s:""1""}","{""x"":""00:02:00""","y:32.13","s:""2""}","{""y"":37.44","x:""00:04:00""","s:""1""}","{""x"":""00:04:00""","y:34.13","s:""2""}","{""y"":37.63","x:""00:06:00""","s:""1""}","{""x"":""00:"
"770","2019/1/12 3:00","34.32","下沙大队","34.62","[{""y"":31.78","x:""00:00:00""","s:""1""}","{""x"":""00:00:00""","y:33.02","s:""2""}","{""y"":31.73","x:""00:02:00""","s:""1""}","{""x"":""00:02:00""","y:33.25","s:""2""}","{""y"":31.94","x:""00:04:00""","s:""1""}","{""x"":""00:04:00""","y:32.58","s:""2""}","{""y"":32.02","x:""00:06:00""","s:""1""}","{""x"":""00:"
"771","2019/1/12 3:00","38.13","临安大队","40.63","[{""y"":43.53","x:""00:00:00""","s:""1""}","{""x"":""00:00:00""","y:37.98","s:""2""}","{""y"":42.09","x:""00:02:00""","s:""1""}","{""x"":""00:02:00""","y:43.36","s:""2""}","{""y"":41.85","x:""00:04:00""","s:""1""}","{""x"":""00:04:00""","y:42.97","s:""2""}","{""y"":41.02","x:""00:06:00""","s:""1""}","{""x"":""00:"
"772","2019/1/12 3:00","32.36","主城区","32.34","[{""y"":30.45","x:""00:00:00""","s:""1""}","{""x"":""00:00:00""","y:30.92","s:""2""}","{""y"":30.44","x:""00:02:00""","s:""1""}","{""x"":""00:02:00""","y:31.2","s:""2""}","{""y"":30.48","x:""00:04:00""","s:""1""}","{""x"":""00:04:00""","y:31.06","s:""2""}","{""y"":30.49","x:""00:06:00""","s:""1""}","{""x"":""00:0"
"773","2019/1/12 3:00","36.27","余杭大队","36.48","[{""y"":36.37","x:""00:00:00""","s:""1""}","{""x"":""00:00:00""","y:35.51","s:""2""}","{""y"":36.47","x:""00:02:00""","s:""1""}","{""x"":""00:02:00""","y:35.92","s:""2""}","{""y"":36.48","x:""00:04:00""","s:""1""}","{""x"":""00:04:00""","y:36.02","s:""2""}","{""y"":36.23","x:""00:06:00""","s:""1""}","{""x"":""00:"
"774","2019/1/12 3:00","47.15","大江东大队","45.05","[{""y"":47.21","x:""00:00:00""","s:""1""}","{""x"":""00:00:00""","y:46.46","s:""2""}","{""y"":47.5","x:""00:02:00""","s:""1""}","{""x"":""00:02:00""","y:47.48","s:""2""}","{""y"":47.01","x:""00:04:00""","s:""1""}","{""x"":""00:04:00""","y:47.41","s:""2""}","{""y"":46.76","x:""00:06:00""","s:""1""}","{""x"":""00:0"
"775","2019/1/12 3:00","45.22","富阳大队","38.6","[{""y"":41.59","x:""00:00:00""","s:""1""}","{""x"":""00:00:00""","y:34.53","s:""2""}","{""y"":41.31","x:""00:02:00""","s:""1""}","{""x"":""00:02:00""","y:40.01","s:""2""}","{""y"":41.55","x:""00:04:00""","s:""1""}","{""x"":""00:04:00""","y:32.89","s:""2""}","{""y"":41.75","x:""00:06:00""","s:""1""}","{""x"":""00:"
"776","2019/1/12 3:00","40.86","建德大队","41.61","[{""y"":36.11","x:""00:00:00""","s:""1""}","{""x"":""00:00:00""","y:35.36","s:""2""}","{""y"":36.25","x:""00:02:00""","s:""1""}","{""x"":""00:02:00""","y:36.38","s:""2""}","{""y"":36.37","x:""00:04:00""","s:""1""}","{""x"":""00:04:00""","y:35.85","s:""2""}","{""y"":36.09","x:""00:06:00""","s:""1""}","{""x"":""00:"
"777","2019/1/12 3:00","31.22","拱墅大队","30.37","[{""y"":29","x:""00:00:00""","s:""1""}","{""x"":""00:00:00""","y:28.99","s:""2""}","{""y"":29.07","x:""00:02:00""","s:""1""}","{""x"":""00:02:00""","y:29.35","s:""2""}","{""y"":29.12","x:""00:04:00""","s:""1""}","{""x"":""00:04:00""","y:29.07","s:""2""}","{""y"":29.09","x:""00:06:00""","s:""1""}","{""x"":""00:06:"
"778","2019/1/12 3:00","38.79","景区大队","38.21","[{""y"":35.22","x:""00:00:00""","s:""1""}","{""x"":""00:00:00""","y:38.65","s:""2""}","{""y"":35.02","x:""00:02:00""","s:""1""}","{""x"":""00:02:00""","y:40.1","s:""2""}","{""y"":34.98","x:""00:04:00""","s:""1""}","{""x"":""00:04:00""","y:40.28","s:""2""}","{""y"":34.87","x:""00:06:00""","s:""1""}","{""x"":""00:0"
"779","2019/1/12 3:00","40.33","桐庐大队","36.6","[{""y"":34.81","x:""00:00:00""","s:""1""}","{""x"":""00:00:00""","y:36.67","s:""2""}","{""y"":35.94","x:""00:02:00""","s:""1""}","{""x"":""00:02:00""","y:37.66","s:""2""}","{""y"":35.75","x:""00:04:00""","s:""1""}","{""x"":""00:04:00""","y:36.04","s:""2""}","{""y"":36.98","x:""00:06:00""","s:""1""}","{""x"":""00:"
"78","2019/1/12 0:14","33.44","滨江大队","32.55","[{""y"":33.38","x:""00:00:00""","s:""1""}","{""x"":""00:00:00""","y:33.22","s:""2""}","{""y"":33.38","x:""00:02:00""","s:""1""}","{""x"":""00:02:00""","y:33.44","s:""2""}","{""y"":33.42","x:""00:04:00""","s:""1""}","{""x"":""00:04:00""","y:33.42","s:""2""}","{""y"":33.33","x:""00:06:00""","s:""1""}","{""x"":""00:"
"780","2019/1/12 3:00","33.03","江干大队","33.09","[{""y"":31.05","x:""00:00:00""","s:""1""}","{""x"":""00:00:00""","y:31.64","s:""2""}","{""y"":31.09","x:""00:02:00""","s:""1""}","{""x"":""00:02:00""","y:31.66","s:""2""}","{""y"":31.07","x:""00:04:00""","s:""1""}","{""x"":""00:04:00""","y:31.5","s:""2""}","{""y"":31.13","x:""00:06:00""","s:""1""}","{""x"":""00:0"
"781","2019/1/12 3:00","39.53","淳安大队","38.17","[{""y"":37.38","x:""00:00:00""","s:""1""}","{""x"":""00:00:00""","y:32.32","s:""2""}","{""y"":37.27","x:""00:02:00""","s:""1""}","{""x"":""00:02:00""","y:32.13","s:""2""}","{""y"":37.44","x:""00:04:00""","s:""1""}","{""x"":""00:04:00""","y:34.13","s:""2""}","{""y"":37.63","x:""00:06:00""","s:""1""}","{""x"":""00:"
"782","2019/1/12 3:00","36.29","滨江大队","34.93","[{""y"":33.38","x:""00:00:00""","s:""1""}","{""x"":""00:00:00""","y:33.22","s:""2""}","{""y"":33.38","x:""00:02:00""","s:""1""}","{""x"":""00:02:00""","y:33.44","s:""2""}","{""y"":33.42","x:""00:04:00""","s:""1""}","{""x"":""00:04:00""","y:33.42","s:""2""}","{""y"":33.33","x:""00:06:00""","s:""1""}","{""x"":""00:"
"783","2019/1/12 3:00","43.11","萧山大队","40.25","[{""y"":39.77","x:""00:00:00""","s:""1""}","{""x"":""00:00:00""","y:39.01","s:""2""}","{""y"":39.34","x:""00:02:00""","s:""1""}","{""x"":""00:02:00""","y:38.8","s:""2""}","{""y"":39.57","x:""00:04:00""","s:""1""}","{""x"":""00:04:00""","y:38.82","s:""2""}","{""y"":39.87","x:""00:06:00""","s:""1""}","{""x"":""00:0"
"784","2019/1/12 3:00","33.75","西湖大队","33.7","[{""y"":31.45","x:""00:00:00""","s:""1""}","{""x"":""00:00:00""","y:31.86","s:""2""}","{""y"":31.39","x:""00:02:00""","s:""1""}","{""x"":""00:02:00""","y:32.19","s:""2""}","{""y"":31.56","x:""00:04:00""","s:""1""}","{""x"":""00:04:00""","y:32.32","s:""2""}","{""y"":31.56","x:""00:06:00""","s:""1""}","{""x"":""00:"
"785","2019/1/12 3:02","30.83","上城大队","31","[{""y"":28.65","x:""00:00:00""","s:""1""}","{""x"":""00:00:00""","y:28.86","s:""2""}","{""y"":28.44","x:""00:02:00""","s:""1""}","{""x"":""00:02:00""","y:29.54","s:""2""}","{""y"":28.39","x:""00:04:00""","s:""1""}","{""x"":""00:04:00""","y:28.92","s:""2""}","{""y"":28.41","x:""00:06:00""","s:""1""}","{""x"":""00:"
"786","2019/1/12 3:02","30.04","下城大队","30.27","[{""y"":27.94","x:""00:00:00""","s:""1""}","{""x"":""00:00:00""","y:28.69","s:""2""}","{""y"":28.01","x:""00:02:00""","s:""1""}","{""x"":""00:02:00""","y:28.63","s:""2""}","{""y"":28","x:""00:04:00""","s:""1""}","{""x"":""00:04:00""","y:28.66","s:""2""}","{""y"":28.04","x:""00:06:00""","s:""1""}","{""x"":""00:06:"
"787","2019/1/12 3:02","33.71","下沙大队","34.93","[{""y"":31.78","x:""00:00:00""","s:""1""}","{""x"":""00:00:00""","y:33.02","s:""2""}","{""y"":31.73","x:""00:02:00""","s:""1""}","{""x"":""00:02:00""","y:33.25","s:""2""}","{""y"":31.94","x:""00:04:00""","s:""1""}","{""x"":""00:04:00""","y:32.58","s:""2""}","{""y"":32.02","x:""00:06:00""","s:""1""}","{""x"":""00:"
"788","2019/1/12 3:02","37.66","临安大队","37.55","[{""y"":43.53","x:""00:00:00""","s:""1""}","{""x"":""00:00:00""","y:37.98","s:""2""}","{""y"":42.09","x:""00:02:00""","s:""1""}","{""x"":""00:02:00""","y:43.36","s:""2""}","{""y"":41.85","x:""00:04:00""","s:""1""}","{""x"":""00:04:00""","y:42.97","s:""2""}","{""y"":41.02","x:""00:06:00""","s:""1""}","{""x"":""00:"
"789","2019/1/12 3:02","32.36","主城区","32.45","[{""y"":30.45","x:""00:00:00""","s:""1""}","{""x"":""00:00:00""","y:30.92","s:""2""}","{""y"":30.44","x:""00:02:00""","s:""1""}","{""x"":""00:02:00""","y:31.2","s:""2""}","{""y"":30.48","x:""00:04:00""","s:""1""}","{""x"":""00:04:00""","y:31.06","s:""2""}","{""y"":30.49","x:""00:06:00""","s:""1""}","{""x"":""00:0"
"79","2019/1/12 0:14","39.81","萧山大队","38.99","[{""y"":39.77","x:""00:00:00""","s:""1""}","{""x"":""00:00:00""","y:39.01","s:""2""}","{""y"":39.34","x:""00:02:00""","s:""1""}","{""x"":""00:02:00""","y:38.8","s:""2""}","{""y"":39.57","x:""00:04:00""","s:""1""}","{""x"":""00:04:00""","y:38.82","s:""2""}","{""y"":39.87","x:""00:06:00""","s:""1""}","{""x"":""00:0"
"790","2019/1/12 3:02","36.44","余杭大队","36.17","[{""y"":36.37","x:""00:00:00""","s:""1""}","{""x"":""00:00:00""","y:35.51","s:""2""}","{""y"":36.47","x:""00:02:00""","s:""1""}","{""x"":""00:02:00""","y:35.92","s:""2""}","{""y"":36.48","x:""00:04:00""","s:""1""}","{""x"":""00:04:00""","y:36.02","s:""2""}","{""y"":36.23","x:""00:06:00""","s:""1""}","{""x"":""00:"
"791","2019/1/12 3:02","47.43","大江东大队","46.44","[{""y"":47.21","x:""00:00:00""","s:""1""}","{""x"":""00:00:00""","y:46.46","s:""2""}","{""y"":47.5","x:""00:02:00""","s:""1""}","{""x"":""00:02:00""","y:47.48","s:""2""}","{""y"":47.01","x:""00:04:00""","s:""1""}","{""x"":""00:04:00""","y:47.41","s:""2""}","{""y"":46.76","x:""00:06:00""","s:""1""}","{""x"":""00:0"
"792","2019/1/12 3:02","45.74","富阳大队","38.81","[{""y"":41.59","x:""00:00:00""","s:""1""}","{""x"":""00:00:00""","y:34.53","s:""2""}","{""y"":41.31","x:""00:02:00""","s:""1""}","{""x"":""00:02:00""","y:40.01","s:""2""}","{""y"":41.55","x:""00:04:00""","s:""1""}","{""x"":""00:04:00""","y:32.89","s:""2""}","{""y"":41.75","x:""00:06:00""","s:""1""}","{""x"":""00:"
"793","2019/1/12 3:02","40.86","建德大队","41.73","[{""y"":36.11","x:""00:00:00""","s:""1""}","{""x"":""00:00:00""","y:35.36","s:""2""}","{""y"":36.25","x:""00:02:00""","s:""1""}","{""x"":""00:02:00""","y:36.38","s:""2""}","{""y"":36.37","x:""00:04:00""","s:""1""}","{""x"":""00:04:00""","y:35.85","s:""2""}","{""y"":36.09","x:""00:06:00""","s:""1""}","{""x"":""00:"
"794","2019/1/12 3:02","31.3","拱墅大队","30.65","[{""y"":29","x:""00:00:00""","s:""1""}","{""x"":""00:00:00""","y:28.99","s:""2""}","{""y"":29.07","x:""00:02:00""","s:""1""}","{""x"":""00:02:00""","y:29.35","s:""2""}","{""y"":29.12","x:""00:04:00""","s:""1""}","{""x"":""00:04:00""","y:29.07","s:""2""}","{""y"":29.09","x:""00:06:00""","s:""1""}","{""x"":""00:06:"
"795","2019/1/12 3:02","38.54","景区大队","40.25","[{""y"":35.22","x:""00:00:00""","s:""1""}","{""x"":""00:00:00""","y:38.65","s:""2""}","{""y"":35.02","x:""00:02:00""","s:""1""}","{""x"":""00:02:00""","y:40.1","s:""2""}","{""y"":34.98","x:""00:04:00""","s:""1""}","{""x"":""00:04:00""","y:40.28","s:""2""}","{""y"":34.87","x:""00:06:00""","s:""1""}","{""x"":""00:0"
"796","2019/1/12 3:02","40.26","桐庐大队","36.54","[{""y"":34.81","x:""00:00:00""","s:""1""}","{""x"":""00:00:00""","y:36.67","s:""2""}","{""y"":35.94","x:""00:02:00""","s:""1""}","{""x"":""00:02:00""","y:37.66","s:""2""}","{""y"":35.75","x:""00:04:00""","s:""1""}","{""x"":""00:04:00""","y:36.04","s:""2""}","{""y"":36.98","x:""00:06:00""","s:""1""}","{""x"":""00:"
"797","2019/1/12 3:02","32.85","江干大队","33.16","[{""y"":31.05","x:""00:00:00""","s:""1""}","{""x"":""00:00:00""","y:31.64","s:""2""}","{""y"":31.09","x:""00:02:00""","s:""1""}","{""x"":""00:02:00""","y:31.66","s:""2""}","{""y"":31.07","x:""00:04:00""","s:""1""}","{""x"":""00:04:00""","y:31.5","s:""2""}","{""y"":31.13","x:""00:06:00""","s:""1""}","{""x"":""00:0"
"798","2019/1/12 3:02","39.22","淳安大队","38.43","[{""y"":37.38","x:""00:00:00""","s:""1""}","{""x"":""00:00:00""","y:32.32","s:""2""}","{""y"":37.27","x:""00:02:00""","s:""1""}","{""x"":""00:02:00""","y:32.13","s:""2""}","{""y"":37.44","x:""00:04:00""","s:""1""}","{""x"":""00:04:00""","y:34.13","s:""2""}","{""y"":37.63","x:""00:06:00""","s:""1""}","{""x"":""00:"
"799","2019/1/12 3:02","36.31","滨江大队","35.74","[{""y"":33.38","x:""00:00:00""","s:""1""}","{""x"":""00:00:00""","y:33.22","s:""2""}","{""y"":33.38","x:""00:02:00""","s:""1""}","{""x"":""00:02:00""","y:33.44","s:""2""}","{""y"":33.42","x:""00:04:00""","s:""1""}","{""x"":""00:04:00""","y:33.42","s:""2""}","{""y"":33.33","x:""00:06:00""","s:""1""}","{""x"":""00:"
"8","2019/1/12 0:06","32.02","下沙大队","32.43","[{""y"":31.78","x:""00:00:00""","s:""1""}","{""x"":""00:00:00""","y:33.02","s:""2""}","{""y"":31.73","x:""00:02:00""","s:""1""}","{""x"":""00:02:00""","y:33.25","s:""2""}","{""y"":31.94","x:""00:04:00""","s:""1""}","{""x"":""00:04:00""","y:32.58","s:""2""}","{""y"":32.02","x:""00:06:00""","s:""1""}","{""x"":""00:"
"80","2019/1/12 0:14","31.54","西湖大队","32.48","[{""y"":31.45","x:""00:00:00""","s:""1""}","{""x"":""00:00:00""","y:31.86","s:""2""}","{""y"":31.39","x:""00:02:00""","s:""1""}","{""x"":""00:02:00""","y:32.19","s:""2""}","{""y"":31.56","x:""00:04:00""","s:""1""}","{""x"":""00:04:00""","y:32.32","s:""2""}","{""y"":31.56","x:""00:06:00""","s:""1""}","{""x"":""00:"
"800","2019/1/12 3:02","43.09","萧山大队","39.94","[{""y"":39.77","x:""00:00:00""","s:""1""}","{""x"":""00:00:00""","y:39.01","s:""2""}","{""y"":39.34","x:""00:02:00""","s:""1""}","{""x"":""00:02:00""","y:38.8","s:""2""}","{""y"":39.57","x:""00:04:00""","s:""1""}","{""x"":""00:04:00""","y:38.82","s:""2""}","{""y"":39.87","x:""00:06:00""","s:""1""}","{""x"":""00:0"
"801","2019/1/12 3:02","33.84","西湖大队","33.71","[{""y"":31.45","x:""00:00:00""","s:""1""}","{""x"":""00:00:00""","y:31.86","s:""2""}","{""y"":31.39","x:""00:02:00""","s:""1""}","{""x"":""00:02:00""","y:32.19","s:""2""}","{""y"":31.56","x:""00:04:00""","s:""1""}","{""x"":""00:04:00""","y:32.32","s:""2""}","{""y"":31.56","x:""00:06:00""","s:""1""}","{""x"":""00:"
"802","2019/1/12 3:04","30.25","下城大队","30.26","[{""y"":27.94","x:""00:00:00""","s:""1""}","{""x"":""00:00:00""","y:28.69","s:""2""}","{""y"":28.01","x:""00:02:00""","s:""1""}","{""x"":""00:02:00""","y:28.63","s:""2""}","{""y"":28","x:""00:04:00""","s:""1""}","{""x"":""00:04:00""","y:28.66","s:""2""}","{""y"":28.04","x:""00:06:00""","s:""1""}","{""x"":""00:06:"
"803","2019/1/12 3:04","45.65","富阳大队","39.86","[{""y"":41.59","x:""00:00:00""","s:""1""}","{""x"":""00:00:00""","y:34.53","s:""2""}","{""y"":41.31","x:""00:02:00""","s:""1""}","{""x"":""00:02:00""","y:40.01","s:""2""}","{""y"":41.55","x:""00:04:00""","s:""1""}","{""x"":""00:04:00""","y:32.89","s:""2""}","{""y"":41.75","x:""00:06:00""","s:""1""}","{""x"":""00:"
"804","2019/1/12 3:06","30.59","上城大队","31.82","[{""y"":28.65","x:""00:00:00""","s:""1""}","{""x"":""00:00:00""","y:28.86","s:""2""}","{""y"":28.44","x:""00:02:00""","s:""1""}","{""x"":""00:02:00""","y:29.54","s:""2""}","{""y"":28.39","x:""00:04:00""","s:""1""}","{""x"":""00:04:00""","y:28.92","s:""2""}","{""y"":28.41","x:""00:06:00""","s:""1""}","{""x"":""00:"
"805","2019/1/12 3:06","30.27","下城大队","30.16","[{""y"":27.94","x:""00:00:00""","s:""1""}","{""x"":""00:00:00""","y:28.69","s:""2""}","{""y"":28.01","x:""00:02:00""","s:""1""}","{""x"":""00:02:00""","y:28.63","s:""2""}","{""y"":28","x:""00:04:00""","s:""1""}","{""x"":""00:04:00""","y:28.66","s:""2""}","{""y"":28.04","x:""00:06:00""","s:""1""}","{""x"":""00:06:"
"806","2019/1/12 3:06","34.32","下沙大队","34.27","[{""y"":31.78","x:""00:00:00""","s:""1""}","{""x"":""00:00:00""","y:33.02","s:""2""}","{""y"":31.73","x:""00:02:00""","s:""1""}","{""x"":""00:02:00""","y:33.25","s:""2""}","{""y"":31.94","x:""00:04:00""","s:""1""}","{""x"":""00:04:00""","y:32.58","s:""2""}","{""y"":32.02","x:""00:06:00""","s:""1""}","{""x"":""00:"
"807","2019/1/12 3:06","37.44","临安大队","36.4","[{""y"":43.53","x:""00:00:00""","s:""1""}","{""x"":""00:00:00""","y:37.98","s:""2""}","{""y"":42.09","x:""00:02:00""","s:""1""}","{""x"":""00:02:00""","y:43.36","s:""2""}","{""y"":41.85","x:""00:04:00""","s:""1""}","{""x"":""00:04:00""","y:42.97","s:""2""}","{""y"":41.02","x:""00:06:00""","s:""1""}","{""x"":""00:"
"808","2019/1/12 3:06","32.35","主城区","32.51","[{""y"":30.45","x:""00:00:00""","s:""1""}","{""x"":""00:00:00""","y:30.92","s:""2""}","{""y"":30.44","x:""00:02:00""","s:""1""}","{""x"":""00:02:00""","y:31.2","s:""2""}","{""y"":30.48","x:""00:04:00""","s:""1""}","{""x"":""00:04:00""","y:31.06","s:""2""}","{""y"":30.49","x:""00:06:00""","s:""1""}","{""x"":""00:0"
"809","2019/1/12 3:06","36.42","余杭大队","36.17","[{""y"":36.37","x:""00:00:00""","s:""1""}","{""x"":""00:00:00""","y:35.51","s:""2""}","{""y"":36.47","x:""00:02:00""","s:""1""}","{""x"":""00:02:00""","y:35.92","s:""2""}","{""y"":36.48","x:""00:04:00""","s:""1""}","{""x"":""00:04:00""","y:36.02","s:""2""}","{""y"":36.23","x:""00:06:00""","s:""1""}","{""x"":""00:"
"81","2019/1/12 0:16","28.51","上城大队","29.62","[{""y"":28.65","x:""00:00:00""","s:""1""}","{""x"":""00:00:00""","y:28.86","s:""2""}","{""y"":28.44","x:""00:02:00""","s:""1""}","{""x"":""00:02:00""","y:29.54","s:""2""}","{""y"":28.39","x:""00:04:00""","s:""1""}","{""x"":""00:04:00""","y:28.92","s:""2""}","{""y"":28.41","x:""00:06:00""","s:""1""}","{""x"":""00:"
"810","2019/1/12 3:06","46.58","大江东大队","43.3","[{""y"":47.21","x:""00:00:00""","s:""1""}","{""x"":""00:00:00""","y:46.46","s:""2""}","{""y"":47.5","x:""00:02:00""","s:""1""}","{""x"":""00:02:00""","y:47.48","s:""2""}","{""y"":47.01","x:""00:04:00""","s:""1""}","{""x"":""00:04:00""","y:47.41","s:""2""}","{""y"":46.76","x:""00:06:00""","s:""1""}","{""x"":""00:0"
"811","2019/1/12 3:06","46.24","富阳大队","38.66","[{""y"":41.59","x:""00:00:00""","s:""1""}","{""x"":""00:00:00""","y:34.53","s:""2""}","{""y"":41.31","x:""00:02:00""","s:""1""}","{""x"":""00:02:00""","y:40.01","s:""2""}","{""y"":41.55","x:""00:04:00""","s:""1""}","{""x"":""00:04:00""","y:32.89","s:""2""}","{""y"":41.75","x:""00:06:00""","s:""1""}","{""x"":""00:"
"812","2019/1/12 3:06","40.42","建德大队","40.64","[{""y"":36.11","x:""00:00:00""","s:""1""}","{""x"":""00:00:00""","y:35.36","s:""2""}","{""y"":36.25","x:""00:02:00""","s:""1""}","{""x"":""00:02:00""","y:36.38","s:""2""}","{""y"":36.37","x:""00:04:00""","s:""1""}","{""x"":""00:04:00""","y:35.85","s:""2""}","{""y"":36.09","x:""00:06:00""","s:""1""}","{""x"":""00:"
"813","2019/1/12 3:06","31.15","拱墅大队","30.11","[{""y"":29","x:""00:00:00""","s:""1""}","{""x"":""00:00:00""","y:28.99","s:""2""}","{""y"":29.07","x:""00:02:00""","s:""1""}","{""x"":""00:02:00""","y:29.35","s:""2""}","{""y"":29.12","x:""00:04:00""","s:""1""}","{""x"":""00:04:00""","y:29.07","s:""2""}","{""y"":29.09","x:""00:06:00""","s:""1""}","{""x"":""00:06:"
"814","2019/1/12 3:06","38.73","景区大队","41.35","[{""y"":35.22","x:""00:00:00""","s:""1""}","{""x"":""00:00:00""","y:38.65","s:""2""}","{""y"":35.02","x:""00:02:00""","s:""1""}","{""x"":""00:02:00""","y:40.1","s:""2""}","{""y"":34.98","x:""00:04:00""","s:""1""}","{""x"":""00:04:00""","y:40.28","s:""2""}","{""y"":34.87","x:""00:06:00""","s:""1""}","{""x"":""00:0"
"815","2019/1/12 3:06","40.97","桐庐大队","37.21","[{""y"":34.81","x:""00:00:00""","s:""1""}","{""x"":""00:00:00""","y:36.67","s:""2""}","{""y"":35.94","x:""00:02:00""","s:""1""}","{""x"":""00:02:00""","y:37.66","s:""2""}","{""y"":35.75","x:""00:04:00""","s:""1""}","{""x"":""00:04:00""","y:36.04","s:""2""}","{""y"":36.98","x:""00:06:00""","s:""1""}","{""x"":""00:"
"816","2019/1/12 3:06","32.92","江干大队","33.13","[{""y"":31.05","x:""00:00:00""","s:""1""}","{""x"":""00:00:00""","y:31.64","s:""2""}","{""y"":31.09","x:""00:02:00""","s:""1""}","{""x"":""00:02:00""","y:31.66","s:""2""}","{""y"":31.07","x:""00:04:00""","s:""1""}","{""x"":""00:04:00""","y:31.5","s:""2""}","{""y"":31.13","x:""00:06:00""","s:""1""}","{""x"":""00:0"
"817","2019/1/12 3:06","39.05","淳安大队","38.29","[{""y"":37.38","x:""00:00:00""","s:""1""}","{""x"":""00:00:00""","y:32.32","s:""2""}","{""y"":37.27","x:""00:02:00""","s:""1""}","{""x"":""00:02:00""","y:32.13","s:""2""}","{""y"":37.44","x:""00:04:00""","s:""1""}","{""x"":""00:04:00""","y:34.13","s:""2""}","{""y"":37.63","x:""00:06:00""","s:""1""}","{""x"":""00:"
"818","2019/1/12 3:06","36.28","滨江大队","35.35","[{""y"":33.38","x:""00:00:00""","s:""1""}","{""x"":""00:00:00""","y:33.22","s:""2""}","{""y"":33.38","x:""00:02:00""","s:""1""}","{""x"":""00:02:00""","y:33.44","s:""2""}","{""y"":33.42","x:""00:04:00""","s:""1""}","{""x"":""00:04:00""","y:33.42","s:""2""}","{""y"":33.33","x:""00:06:00""","s:""1""}","{""x"":""00:"
"819","2019/1/12 3:06","42.86","萧山大队","39.12","[{""y"":39.77","x:""00:00:00""","s:""1""}","{""x"":""00:00:00""","y:39.01","s:""2""}","{""y"":39.34","x:""00:02:00""","s:""1""}","{""x"":""00:02:00""","y:38.8","s:""2""}","{""y"":39.57","x:""00:04:00""","s:""1""}","{""x"":""00:04:00""","y:38.82","s:""2""}","{""y"":39.87","x:""00:06:00""","s:""1""}","{""x"":""00:0"
"82","2019/1/12 0:16","28.44","下城大队","29.87","[{""y"":27.94","x:""00:00:00""","s:""1""}","{""x"":""00:00:00""","y:28.69","s:""2""}","{""y"":28.01","x:""00:02:00""","s:""1""}","{""x"":""00:02:00""","y:28.63","s:""2""}","{""y"":28","x:""00:04:00""","s:""1""}","{""x"":""00:04:00""","y:28.66","s:""2""}","{""y"":28.04","x:""00:06:00""","s:""1""}","{""x"":""00:06:"
"820","2019/1/12 3:06","33.74","西湖大队","34.24","[{""y"":31.45","x:""00:00:00""","s:""1""}","{""x"":""00:00:00""","y:31.86","s:""2""}","{""y"":31.39","x:""00:02:00""","s:""1""}","{""x"":""00:02:00""","y:32.19","s:""2""}","{""y"":31.56","x:""00:04:00""","s:""1""}","{""x"":""00:04:00""","y:32.32","s:""2""}","{""y"":31.56","x:""00:06:00""","s:""1""}","{""x"":""00:"
"821","2019/1/12 3:08","30.7","上城大队","31.08","[{""y"":28.65","x:""00:00:00""","s:""1""}","{""x"":""00:00:00""","y:28.86","s:""2""}","{""y"":28.44","x:""00:02:00""","s:""1""}","{""x"":""00:02:00""","y:29.54","s:""2""}","{""y"":28.39","x:""00:04:00""","s:""1""}","{""x"":""00:04:00""","y:28.92","s:""2""}","{""y"":28.41","x:""00:06:00""","s:""1""}","{""x"":""00:"
"822","2019/1/12 3:08","30.2","下城大队","29.9","[{""y"":27.94","x:""00:00:00""","s:""1""}","{""x"":""00:00:00""","y:28.69","s:""2""}","{""y"":28.01","x:""00:02:00""","s:""1""}","{""x"":""00:02:00""","y:28.63","s:""2""}","{""y"":28","x:""00:04:00""","s:""1""}","{""x"":""00:04:00""","y:28.66","s:""2""}","{""y"":28.04","x:""00:06:00""","s:""1""}","{""x"":""00:06:"
"823","2019/1/12 3:08","34.1","下沙大队","34.77","[{""y"":31.78","x:""00:00:00""","s:""1""}","{""x"":""00:00:00""","y:33.02","s:""2""}","{""y"":31.73","x:""00:02:00""","s:""1""}","{""x"":""00:02:00""","y:33.25","s:""2""}","{""y"":31.94","x:""00:04:00""","s:""1""}","{""x"":""00:04:00""","y:32.58","s:""2""}","{""y"":32.02","x:""00:06:00""","s:""1""}","{""x"":""00:"
"824","2019/1/12 3:08","37.88","临安大队","36.3","[{""y"":43.53","x:""00:00:00""","s:""1""}","{""x"":""00:00:00""","y:37.98","s:""2""}","{""y"":42.09","x:""00:02:00""","s:""1""}","{""x"":""00:02:00""","y:43.36","s:""2""}","{""y"":41.85","x:""00:04:00""","s:""1""}","{""x"":""00:04:00""","y:42.97","s:""2""}","{""y"":41.02","x:""00:06:00""","s:""1""}","{""x"":""00:"
"825","2019/1/12 3:08","32.4","主城区","32.37","[{""y"":30.45","x:""00:00:00""","s:""1""}","{""x"":""00:00:00""","y:30.92","s:""2""}","{""y"":30.44","x:""00:02:00""","s:""1""}","{""x"":""00:02:00""","y:31.2","s:""2""}","{""y"":30.48","x:""00:04:00""","s:""1""}","{""x"":""00:04:00""","y:31.06","s:""2""}","{""y"":30.49","x:""00:06:00""","s:""1""}","{""x"":""00:0"
"826","2019/1/12 3:08","36.1","余杭大队","36.11","[{""y"":36.37","x:""00:00:00""","s:""1""}","{""x"":""00:00:00""","y:35.51","s:""2""}","{""y"":36.47","x:""00:02:00""","s:""1""}","{""x"":""00:02:00""","y:35.92","s:""2""}","{""y"":36.48","x:""00:04:00""","s:""1""}","{""x"":""00:04:00""","y:36.02","s:""2""}","{""y"":36.23","x:""00:06:00""","s:""1""}","{""x"":""00:"
"827","2019/1/12 3:08","46.84","大江东大队","42.59","[{""y"":47.21","x:""00:00:00""","s:""1""}","{""x"":""00:00:00""","y:46.46","s:""2""}","{""y"":47.5","x:""00:02:00""","s:""1""}","{""x"":""00:02:00""","y:47.48","s:""2""}","{""y"":47.01","x:""00:04:00""","s:""1""}","{""x"":""00:04:00""","y:47.41","s:""2""}","{""y"":46.76","x:""00:06:00""","s:""1""}","{""x"":""00:0"
"828","2019/1/12 3:08","45.41","富阳大队","42.31","[{""y"":41.59","x:""00:00:00""","s:""1""}","{""x"":""00:00:00""","y:34.53","s:""2""}","{""y"":41.31","x:""00:02:00""","s:""1""}","{""x"":""00:02:00""","y:40.01","s:""2""}","{""y"":41.55","x:""00:04:00""","s:""1""}","{""x"":""00:04:00""","y:32.89","s:""2""}","{""y"":41.75","x:""00:06:00""","s:""1""}","{""x"":""00:"
"829","2019/1/12 3:08","40.46","建德大队","40.58","[{""y"":36.11","x:""00:00:00""","s:""1""}","{""x"":""00:00:00""","y:35.36","s:""2""}","{""y"":36.25","x:""00:02:00""","s:""1""}","{""x"":""00:02:00""","y:36.38","s:""2""}","{""y"":36.37","x:""00:04:00""","s:""1""}","{""x"":""00:04:00""","y:35.85","s:""2""}","{""y"":36.09","x:""00:06:00""","s:""1""}","{""x"":""00:"
"83","2019/1/12 0:16","30.67","主城区","31.37","[{""y"":30.45","x:""00:00:00""","s:""1""}","{""x"":""00:00:00""","y:30.92","s:""2""}","{""y"":30.44","x:""00:02:00""","s:""1""}","{""x"":""00:02:00""","y:31.2","s:""2""}","{""y"":30.48","x:""00:04:00""","s:""1""}","{""x"":""00:04:00""","y:31.06","s:""2""}","{""y"":30.49","x:""00:06:00""","s:""1""}","{""x"":""00:0"
"830","2019/1/12 3:08","31.29","拱墅大队","29.8","[{""y"":29","x:""00:00:00""","s:""1""}","{""x"":""00:00:00""","y:28.99","s:""2""}","{""y"":29.07","x:""00:02:00""","s:""1""}","{""x"":""00:02:00""","y:29.35","s:""2""}","{""y"":29.12","x:""00:04:00""","s:""1""}","{""x"":""00:04:00""","y:29.07","s:""2""}","{""y"":29.09","x:""00:06:00""","s:""1""}","{""x"":""00:06:"
"831","2019/1/12 3:08","38.34","景区大队","42.14","[{""y"":35.22","x:""00:00:00""","s:""1""}","{""x"":""00:00:00""","y:38.65","s:""2""}","{""y"":35.02","x:""00:02:00""","s:""1""}","{""x"":""00:02:00""","y:40.1","s:""2""}","{""y"":34.98","x:""00:04:00""","s:""1""}","{""x"":""00:04:00""","y:40.28","s:""2""}","{""y"":34.87","x:""00:06:00""","s:""1""}","{""x"":""00:0"
"832","2019/1/12 3:08","40.79","桐庐大队","37.74","[{""y"":34.81","x:""00:00:00""","s:""1""}","{""x"":""00:00:00""","y:36.67","s:""2""}","{""y"":35.94","x:""00:02:00""","s:""1""}","{""x"":""00:02:00""","y:37.66","s:""2""}","{""y"":35.75","x:""00:04:00""","s:""1""}","{""x"":""00:04:00""","y:36.04","s:""2""}","{""y"":36.98","x:""00:06:00""","s:""1""}","{""x"":""00:"
"833","2019/1/12 3:08","32.91","江干大队","32.63","[{""y"":31.05","x:""00:00:00""","s:""1""}","{""x"":""00:00:00""","y:31.64","s:""2""}","{""y"":31.09","x:""00:02:00""","s:""1""}","{""x"":""00:02:00""","y:31.66","s:""2""}","{""y"":31.07","x:""00:04:00""","s:""1""}","{""x"":""00:04:00""","y:31.5","s:""2""}","{""y"":31.13","x:""00:06:00""","s:""1""}","{""x"":""00:0"
"834","2019/1/12 3:08","38.78","淳安大队","37.6","[{""y"":37.38","x:""00:00:00""","s:""1""}","{""x"":""00:00:00""","y:32.32","s:""2""}","{""y"":37.27","x:""00:02:00""","s:""1""}","{""x"":""00:02:00""","y:32.13","s:""2""}","{""y"":37.44","x:""00:04:00""","s:""1""}","{""x"":""00:04:00""","y:34.13","s:""2""}","{""y"":37.63","x:""00:06:00""","s:""1""}","{""x"":""00:"
"835","2019/1/12 3:08","36.47","滨江大队","35.4","[{""y"":33.38","x:""00:00:00""","s:""1""}","{""x"":""00:00:00""","y:33.22","s:""2""}","{""y"":33.38","x:""00:02:00""","s:""1""}","{""x"":""00:02:00""","y:33.44","s:""2""}","{""y"":33.42","x:""00:04:00""","s:""1""}","{""x"":""00:04:00""","y:33.42","s:""2""}","{""y"":33.33","x:""00:06:00""","s:""1""}","{""x"":""00:"
"836","2019/1/12 3:08","43.1","萧山大队","38.45","[{""y"":39.77","x:""00:00:00""","s:""1""}","{""x"":""00:00:00""","y:39.01","s:""2""}","{""y"":39.34","x:""00:02:00""","s:""1""}","{""x"":""00:02:00""","y:38.8","s:""2""}","{""y"":39.57","x:""00:04:00""","s:""1""}","{""x"":""00:04:00""","y:38.82","s:""2""}","{""y"":39.87","x:""00:06:00""","s:""1""}","{""x"":""00:0"
"837","2019/1/12 3:08","33.89","西湖大队","34.49","[{""y"":31.45","x:""00:00:00""","s:""1""}","{""x"":""00:00:00""","y:31.86","s:""2""}","{""y"":31.39","x:""00:02:00""","s:""1""}","{""x"":""00:02:00""","y:32.19","s:""2""}","{""y"":31.56","x:""00:04:00""","s:""1""}","{""x"":""00:04:00""","y:32.32","s:""2""}","{""y"":31.56","x:""00:06:00""","s:""1""}","{""x"":""00:"
"838","2019/1/12 3:10","30.57","上城大队","30.23","[{""y"":28.65","x:""00:00:00""","s:""1""}","{""x"":""00:00:00""","y:28.86","s:""2""}","{""y"":28.44","x:""00:02:00""","s:""1""}","{""x"":""00:02:00""","y:29.54","s:""2""}","{""y"":28.39","x:""00:04:00""","s:""1""}","{""x"":""00:04:00""","y:28.92","s:""2""}","{""y"":28.41","x:""00:06:00""","s:""1""}","{""x"":""00:"
"839","2019/1/12 3:10","30.25","下城大队","30.15","[{""y"":27.94","x:""00:00:00""","s:""1""}","{""x"":""00:00:00""","y:28.69","s:""2""}","{""y"":28.01","x:""00:02:00""","s:""1""}","{""x"":""00:02:00""","y:28.63","s:""2""}","{""y"":28","x:""00:04:00""","s:""1""}","{""x"":""00:04:00""","y:28.66","s:""2""}","{""y"":28.04","x:""00:06:00""","s:""1""}","{""x"":""00:06:"
"84","2019/1/12 0:16","46.92","大江东大队","44","[{""y"":47.21","x:""00:00:00""","s:""1""}","{""x"":""00:00:00""","y:46.46","s:""2""}","{""y"":47.5","x:""00:02:00""","s:""1""}","{""x"":""00:02:00""","y:47.48","s:""2""}","{""y"":47.01","x:""00:04:00""","s:""1""}","{""x"":""00:04:00""","y:47.41","s:""2""}","{""y"":46.76","x:""00:06:00""","s:""1""}","{""x"":""00:0"
"840","2019/1/12 3:10","34.15","下沙大队","34.31","[{""y"":31.78","x:""00:00:00""","s:""1""}","{""x"":""00:00:00""","y:33.02","s:""2""}","{""y"":31.73","x:""00:02:00""","s:""1""}","{""x"":""00:02:00""","y:33.25","s:""2""}","{""y"":31.94","x:""00:04:00""","s:""1""}","{""x"":""00:04:00""","y:32.58","s:""2""}","{""y"":32.02","x:""00:06:00""","s:""1""}","{""x"":""00:"
"841","2019/1/12 3:10","39.08","临安大队","41.71","[{""y"":43.53","x:""00:00:00""","s:""1""}","{""x"":""00:00:00""","y:37.98","s:""2""}","{""y"":42.09","x:""00:02:00""","s:""1""}","{""x"":""00:02:00""","y:43.36","s:""2""}","{""y"":41.85","x:""00:04:00""","s:""1""}","{""x"":""00:04:00""","y:42.97","s:""2""}","{""y"":41.02","x:""00:06:00""","s:""1""}","{""x"":""00:"
"842","2019/1/12 3:10","47.42","大江东大队","45.54","[{""y"":47.21","x:""00:00:00""","s:""1""}","{""x"":""00:00:00""","y:46.46","s:""2""}","{""y"":47.5","x:""00:02:00""","s:""1""}","{""x"":""00:02:00""","y:47.48","s:""2""}","{""y"":47.01","x:""00:04:00""","s:""1""}","{""x"":""00:04:00""","y:47.41","s:""2""}","{""y"":46.76","x:""00:06:00""","s:""1""}","{""x"":""00:0"
"843","2019/1/12 3:10","47.38","富阳大队","44.13","[{""y"":41.59","x:""00:00:00""","s:""1""}","{""x"":""00:00:00""","y:34.53","s:""2""}","{""y"":41.31","x:""00:02:00""","s:""1""}","{""x"":""00:02:00""","y:40.01","s:""2""}","{""y"":41.55","x:""00:04:00""","s:""1""}","{""x"":""00:04:00""","y:32.89","s:""2""}","{""y"":41.75","x:""00:06:00""","s:""1""}","{""x"":""00:"
"844","2019/1/12 3:10","39.76","建德大队","40.47","[{""y"":36.11","x:""00:00:00""","s:""1""}","{""x"":""00:00:00""","y:35.36","s:""2""}","{""y"":36.25","x:""00:02:00""","s:""1""}","{""x"":""00:02:00""","y:36.38","s:""2""}","{""y"":36.37","x:""00:04:00""","s:""1""}","{""x"":""00:04:00""","y:35.85","s:""2""}","{""y"":36.09","x:""00:06:00""","s:""1""}","{""x"":""00:"
"845","2019/1/12 3:10","31.17","拱墅大队","30.1","[{""y"":29","x:""00:00:00""","s:""1""}","{""x"":""00:00:00""","y:28.99","s:""2""}","{""y"":29.07","x:""00:02:00""","s:""1""}","{""x"":""00:02:00""","y:29.35","s:""2""}","{""y"":29.12","x:""00:04:00""","s:""1""}","{""x"":""00:04:00""","y:29.07","s:""2""}","{""y"":29.09","x:""00:06:00""","s:""1""}","{""x"":""00:06:"
"846","2019/1/12 3:10","38.73","景区大队","42.2","[{""y"":35.22","x:""00:00:00""","s:""1""}","{""x"":""00:00:00""","y:38.65","s:""2""}","{""y"":35.02","x:""00:02:00""","s:""1""}","{""x"":""00:02:00""","y:40.1","s:""2""}","{""y"":34.98","x:""00:04:00""","s:""1""}","{""x"":""00:04:00""","y:40.28","s:""2""}","{""y"":34.87","x:""00:06:00""","s:""1""}","{""x"":""00:0"
"847","2019/1/12 3:10","40.55","桐庐大队","38.63","[{""y"":34.81","x:""00:00:00""","s:""1""}","{""x"":""00:00:00""","y:36.67","s:""2""}","{""y"":35.94","x:""00:02:00""","s:""1""}","{""x"":""00:02:00""","y:37.66","s:""2""}","{""y"":35.75","x:""00:04:00""","s:""1""}","{""x"":""00:04:00""","y:36.04","s:""2""}","{""y"":36.98","x:""00:06:00""","s:""1""}","{""x"":""00:"
"848","2019/1/12 3:10","42.61","萧山大队","38.86","[{""y"":39.77","x:""00:00:00""","s:""1""}","{""x"":""00:00:00""","y:39.01","s:""2""}","{""y"":39.34","x:""00:02:00""","s:""1""}","{""x"":""00:02:00""","y:38.8","s:""2""}","{""y"":39.57","x:""00:04:00""","s:""1""}","{""x"":""00:04:00""","y:38.82","s:""2""}","{""y"":39.87","x:""00:06:00""","s:""1""}","{""x"":""00:0"
"849","2019/1/12 3:10","33.7","西湖大队","33.97","[{""y"":31.45","x:""00:00:00""","s:""1""}","{""x"":""00:00:00""","y:31.86","s:""2""}","{""y"":31.39","x:""00:02:00""","s:""1""}","{""x"":""00:02:00""","y:32.19","s:""2""}","{""y"":31.56","x:""00:04:00""","s:""1""}","{""x"":""00:04:00""","y:32.32","s:""2""}","{""y"":31.56","x:""00:06:00""","s:""1""}","{""x"":""00:"
"85","2019/1/12 0:16","29.23","拱墅大队","29.03","[{""y"":29","x:""00:00:00""","s:""1""}","{""x"":""00:00:00""","y:28.99","s:""2""}","{""y"":29.07","x:""00:02:00""","s:""1""}","{""x"":""00:02:00""","y:29.35","s:""2""}","{""y"":29.12","x:""00:04:00""","s:""1""}","{""x"":""00:04:00""","y:29.07","s:""2""}","{""y"":29.09","x:""00:06:00""","s:""1""}","{""x"":""00:06:"
"850","2019/1/12 3:12","30.63","上城大队","30.83","[{""y"":28.65","x:""00:00:00""","s:""1""}","{""x"":""00:00:00""","y:28.86","s:""2""}","{""y"":28.44","x:""00:02:00""","s:""1""}","{""x"":""00:02:00""","y:29.54","s:""2""}","{""y"":28.39","x:""00:04:00""","s:""1""}","{""x"":""00:04:00""","y:28.92","s:""2""}","{""y"":28.41","x:""00:06:00""","s:""1""}","{""x"":""00:"
"851","2019/1/12 3:12","30.3","下城大队","29.77","[{""y"":27.94","x:""00:00:00""","s:""1""}","{""x"":""00:00:00""","y:28.69","s:""2""}","{""y"":28.01","x:""00:02:00""","s:""1""}","{""x"":""00:02:00""","y:28.63","s:""2""}","{""y"":28","x:""00:04:00""","s:""1""}","{""x"":""00:04:00""","y:28.66","s:""2""}","{""y"":28.04","x:""00:06:00""","s:""1""}","{""x"":""00:06:"
"852","2019/1/12 3:12","33.9","下沙大队","34.59","[{""y"":31.78","x:""00:00:00""","s:""1""}","{""x"":""00:00:00""","y:33.02","s:""2""}","{""y"":31.73","x:""00:02:00""","s:""1""}","{""x"":""00:02:00""","y:33.25","s:""2""}","{""y"":31.94","x:""00:04:00""","s:""1""}","{""x"":""00:04:00""","y:32.58","s:""2""}","{""y"":32.02","x:""00:06:00""","s:""1""}","{""x"":""00:"
"853","2019/1/12 3:12","37.37","临安大队","35.8","[{""y"":43.53","x:""00:00:00""","s:""1""}","{""x"":""00:00:00""","y:37.98","s:""2""}","{""y"":42.09","x:""00:02:00""","s:""1""}","{""x"":""00:02:00""","y:43.36","s:""2""}","{""y"":41.85","x:""00:04:00""","s:""1""}","{""x"":""00:04:00""","y:42.97","s:""2""}","{""y"":41.02","x:""00:06:00""","s:""1""}","{""x"":""00:"
"854","2019/1/12 3:12","32.36","主城区","32.3","[{""y"":30.45","x:""00:00:00""","s:""1""}","{""x"":""00:00:00""","y:30.92","s:""2""}","{""y"":30.44","x:""00:02:00""","s:""1""}","{""x"":""00:02:00""","y:31.2","s:""2""}","{""y"":30.48","x:""00:04:00""","s:""1""}","{""x"":""00:04:00""","y:31.06","s:""2""}","{""y"":30.49","x:""00:06:00""","s:""1""}","{""x"":""00:0"
"855","2019/1/12 3:12","36.17","余杭大队","35.67","[{""y"":36.37","x:""00:00:00""","s:""1""}","{""x"":""00:00:00""","y:35.51","s:""2""}","{""y"":36.47","x:""00:02:00""","s:""1""}","{""x"":""00:02:00""","y:35.92","s:""2""}","{""y"":36.48","x:""00:04:00""","s:""1""}","{""x"":""00:04:00""","y:36.02","s:""2""}","{""y"":36.23","x:""00:06:00""","s:""1""}","{""x"":""00:"
"856","2019/1/12 3:12","47.22","大江东大队","44.54","[{""y"":47.21","x:""00:00:00""","s:""1""}","{""x"":""00:00:00""","y:46.46","s:""2""}","{""y"":47.5","x:""00:02:00""","s:""1""}","{""x"":""00:02:00""","y:47.48","s:""2""}","{""y"":47.01","x:""00:04:00""","s:""1""}","{""x"":""00:04:00""","y:47.41","s:""2""}","{""y"":46.76","x:""00:06:00""","s:""1""}","{""x"":""00:0"
"857","2019/1/12 3:12","48.08","富阳大队","43.95","[{""y"":41.59","x:""00:00:00""","s:""1""}","{""x"":""00:00:00""","y:34.53","s:""2""}","{""y"":41.31","x:""00:02:00""","s:""1""}","{""x"":""00:02:00""","y:40.01","s:""2""}","{""y"":41.55","x:""00:04:00""","s:""1""}","{""x"":""00:04:00""","y:32.89","s:""2""}","{""y"":41.75","x:""00:06:00""","s:""1""}","{""x"":""00:"
"858","2019/1/12 3:12","39.67","建德大队","40.71","[{""y"":36.11","x:""00:00:00""","s:""1""}","{""x"":""00:00:00""","y:35.36","s:""2""}","{""y"":36.25","x:""00:02:00""","s:""1""}","{""x"":""00:02:00""","y:36.38","s:""2""}","{""y"":36.37","x:""00:04:00""","s:""1""}","{""x"":""00:04:00""","y:35.85","s:""2""}","{""y"":36.09","x:""00:06:00""","s:""1""}","{""x"":""00:"
"859","2019/1/12 3:12","31.12","拱墅大队","30.01","[{""y"":29","x:""00:00:00""","s:""1""}","{""x"":""00:00:00""","y:28.99","s:""2""}","{""y"":29.07","x:""00:02:00""","s:""1""}","{""x"":""00:02:00""","y:29.35","s:""2""}","{""y"":29.12","x:""00:04:00""","s:""1""}","{""x"":""00:04:00""","y:29.07","s:""2""}","{""y"":29.09","x:""00:06:00""","s:""1""}","{""x"":""00:06:"
"86","2019/1/12 0:16","35.34","景区大队","37.52","[{""y"":35.22","x:""00:00:00""","s:""1""}","{""x"":""00:00:00""","y:38.65","s:""2""}","{""y"":35.02","x:""00:02:00""","s:""1""}","{""x"":""00:02:00""","y:40.1","s:""2""}","{""y"":34.98","x:""00:04:00""","s:""1""}","{""x"":""00:04:00""","y:40.28","s:""2""}","{""y"":34.87","x:""00:06:00""","s:""1""}","{""x"":""00:0"
"860","2019/1/12 3:12","37.83","景区大队","42.23","[{""y"":35.22","x:""00:00:00""","s:""1""}","{""x"":""00:00:00""","y:38.65","s:""2""}","{""y"":35.02","x:""00:02:00""","s:""1""}","{""x"":""00:02:00""","y:40.1","s:""2""}","{""y"":34.98","x:""00:04:00""","s:""1""}","{""x"":""00:04:00""","y:40.28","s:""2""}","{""y"":34.87","x:""00:06:00""","s:""1""}","{""x"":""00:0"
"861","2019/1/12 3:12","41.1","桐庐大队","37.47","[{""y"":34.81","x:""00:00:00""","s:""1""}","{""x"":""00:00:00""","y:36.67","s:""2""}","{""y"":35.94","x:""00:02:00""","s:""1""}","{""x"":""00:02:00""","y:37.66","s:""2""}","{""y"":35.75","x:""00:04:00""","s:""1""}","{""x"":""00:04:00""","y:36.04","s:""2""}","{""y"":36.98","x:""00:06:00""","s:""1""}","{""x"":""00:"
"862","2019/1/12 3:12","32.8","江干大队","33.23","[{""y"":31.05","x:""00:00:00""","s:""1""}","{""x"":""00:00:00""","y:31.64","s:""2""}","{""y"":31.09","x:""00:02:00""","s:""1""}","{""x"":""00:02:00""","y:31.66","s:""2""}","{""y"":31.07","x:""00:04:00""","s:""1""}","{""x"":""00:04:00""","y:31.5","s:""2""}","{""y"":31.13","x:""00:06:00""","s:""1""}","{""x"":""00:0"
"863","2019/1/12 3:12","39.26","淳安大队","35.24","[{""y"":37.38","x:""00:00:00""","s:""1""}","{""x"":""00:00:00""","y:32.32","s:""2""}","{""y"":37.27","x:""00:02:00""","s:""1""}","{""x"":""00:02:00""","y:32.13","s:""2""}","{""y"":37.44","x:""00:04:00""","s:""1""}","{""x"":""00:04:00""","y:34.13","s:""2""}","{""y"":37.63","x:""00:06:00""","s:""1""}","{""x"":""00:"
"864","2019/1/12 3:12","36.75","滨江大队","35.28","[{""y"":33.38","x:""00:00:00""","s:""1""}","{""x"":""00:00:00""","y:33.22","s:""2""}","{""y"":33.38","x:""00:02:00""","s:""1""}","{""x"":""00:02:00""","y:33.44","s:""2""}","{""y"":33.42","x:""00:04:00""","s:""1""}","{""x"":""00:04:00""","y:33.42","s:""2""}","{""y"":33.33","x:""00:06:00""","s:""1""}","{""x"":""00:"
"865","2019/1/12 3:12","42.76","萧山大队","39.4","[{""y"":39.77","x:""00:00:00""","s:""1""}","{""x"":""00:00:00""","y:39.01","s:""2""}","{""y"":39.34","x:""00:02:00""","s:""1""}","{""x"":""00:02:00""","y:38.8","s:""2""}","{""y"":39.57","x:""00:04:00""","s:""1""}","{""x"":""00:04:00""","y:38.82","s:""2""}","{""y"":39.87","x:""00:06:00""","s:""1""}","{""x"":""00:0"
"866","2019/1/12 3:12","33.73","西湖大队","33.93","[{""y"":31.45","x:""00:00:00""","s:""1""}","{""x"":""00:00:00""","y:31.86","s:""2""}","{""y"":31.39","x:""00:02:00""","s:""1""}","{""x"":""00:02:00""","y:32.19","s:""2""}","{""y"":31.56","x:""00:04:00""","s:""1""}","{""x"":""00:04:00""","y:32.32","s:""2""}","{""y"":31.56","x:""00:06:00""","s:""1""}","{""x"":""00:"
"867","2019/1/12 3:14","30.92","上城大队","31.75","[{""y"":28.65","x:""00:00:00""","s:""1""}","{""x"":""00:00:00""","y:28.86","s:""2""}","{""y"":28.44","x:""00:02:00""","s:""1""}","{""x"":""00:02:00""","y:29.54","s:""2""}","{""y"":28.39","x:""00:04:00""","s:""1""}","{""x"":""00:04:00""","y:28.92","s:""2""}","{""y"":28.41","x:""00:06:00""","s:""1""}","{""x"":""00:"
"868","2019/1/12 3:14","30.33","下城大队","29.82","[{""y"":27.94","x:""00:00:00""","s:""1""}","{""x"":""00:00:00""","y:28.69","s:""2""}","{""y"":28.01","x:""00:02:00""","s:""1""}","{""x"":""00:02:00""","y:28.63","s:""2""}","{""y"":28","x:""00:04:00""","s:""1""}","{""x"":""00:04:00""","y:28.66","s:""2""}","{""y"":28.04","x:""00:06:00""","s:""1""}","{""x"":""00:06:"
"869","2019/1/12 3:14","34.15","下沙大队","34.42","[{""y"":31.78","x:""00:00:00""","s:""1""}","{""x"":""00:00:00""","y:33.02","s:""2""}","{""y"":31.73","x:""00:02:00""","s:""1""}","{""x"":""00:02:00""","y:33.25","s:""2""}","{""y"":31.94","x:""00:04:00""","s:""1""}","{""x"":""00:04:00""","y:32.58","s:""2""}","{""y"":32.02","x:""00:06:00""","s:""1""}","{""x"":""00:"
"87","2019/1/12 0:16","33.43","滨江大队","32.76","[{""y"":33.38","x:""00:00:00""","s:""1""}","{""x"":""00:00:00""","y:33.22","s:""2""}","{""y"":33.38","x:""00:02:00""","s:""1""}","{""x"":""00:02:00""","y:33.44","s:""2""}","{""y"":33.42","x:""00:04:00""","s:""1""}","{""x"":""00:04:00""","y:33.42","s:""2""}","{""y"":33.33","x:""00:06:00""","s:""1""}","{""x"":""00:"
"870","2019/1/12 3:14","37.35","临安大队","34.82","[{""y"":43.53","x:""00:00:00""","s:""1""}","{""x"":""00:00:00""","y:37.98","s:""2""}","{""y"":42.09","x:""00:02:00""","s:""1""}","{""x"":""00:02:00""","y:43.36","s:""2""}","{""y"":41.85","x:""00:04:00""","s:""1""}","{""x"":""00:04:00""","y:42.97","s:""2""}","{""y"":41.02","x:""00:06:00""","s:""1""}","{""x"":""00:"
"871","2019/1/12 3:14","32.41","主城区","32.27","[{""y"":30.45","x:""00:00:00""","s:""1""}","{""x"":""00:00:00""","y:30.92","s:""2""}","{""y"":30.44","x:""00:02:00""","s:""1""}","{""x"":""00:02:00""","y:31.2","s:""2""}","{""y"":30.48","x:""00:04:00""","s:""1""}","{""x"":""00:04:00""","y:31.06","s:""2""}","{""y"":30.49","x:""00:06:00""","s:""1""}","{""x"":""00:0"
"872","2019/1/12 3:14","36.51","余杭大队","36.58","[{""y"":36.37","x:""00:00:00""","s:""1""}","{""x"":""00:00:00""","y:35.51","s:""2""}","{""y"":36.47","x:""00:02:00""","s:""1""}","{""x"":""00:02:00""","y:35.92","s:""2""}","{""y"":36.48","x:""00:04:00""","s:""1""}","{""x"":""00:04:00""","y:36.02","s:""2""}","{""y"":36.23","x:""00:06:00""","s:""1""}","{""x"":""00:"
"873","2019/1/12 3:14","46.92","大江东大队","44.43","[{""y"":47.21","x:""00:00:00""","s:""1""}","{""x"":""00:00:00""","y:46.46","s:""2""}","{""y"":47.5","x:""00:02:00""","s:""1""}","{""x"":""00:02:00""","y:47.48","s:""2""}","{""y"":47.01","x:""00:04:00""","s:""1""}","{""x"":""00:04:00""","y:47.41","s:""2""}","{""y"":46.76","x:""00:06:00""","s:""1""}","{""x"":""00:0"
"874","2019/1/12 3:14","48.44","富阳大队","43.95","[{""y"":41.59","x:""00:00:00""","s:""1""}","{""x"":""00:00:00""","y:34.53","s:""2""}","{""y"":41.31","x:""00:02:00""","s:""1""}","{""x"":""00:02:00""","y:40.01","s:""2""}","{""y"":41.55","x:""00:04:00""","s:""1""}","{""x"":""00:04:00""","y:32.89","s:""2""}","{""y"":41.75","x:""00:06:00""","s:""1""}","{""x"":""00:"
"875","2019/1/12 3:14","39.5","建德大队","40.73","[{""y"":36.11","x:""00:00:00""","s:""1""}","{""x"":""00:00:00""","y:35.36","s:""2""}","{""y"":36.25","x:""00:02:00""","s:""1""}","{""x"":""00:02:00""","y:36.38","s:""2""}","{""y"":36.37","x:""00:04:00""","s:""1""}","{""x"":""00:04:00""","y:35.85","s:""2""}","{""y"":36.09","x:""00:06:00""","s:""1""}","{""x"":""00:"
"876","2019/1/12 3:14","31.32","拱墅大队","30.2","[{""y"":29","x:""00:00:00""","s:""1""}","{""x"":""00:00:00""","y:28.99","s:""2""}","{""y"":29.07","x:""00:02:00""","s:""1""}","{""x"":""00:02:00""","y:29.35","s:""2""}","{""y"":29.12","x:""00:04:00""","s:""1""}","{""x"":""00:04:00""","y:29.07","s:""2""}","{""y"":29.09","x:""00:06:00""","s:""1""}","{""x"":""00:06:"
"877","2019/1/12 3:14","38.19","景区大队","40.83","[{""y"":35.22","x:""00:00:00""","s:""1""}","{""x"":""00:00:00""","y:38.65","s:""2""}","{""y"":35.02","x:""00:02:00""","s:""1""}","{""x"":""00:02:00""","y:40.1","s:""2""}","{""y"":34.98","x:""00:04:00""","s:""1""}","{""x"":""00:04:00""","y:40.28","s:""2""}","{""y"":34.87","x:""00:06:00""","s:""1""}","{""x"":""00:0"
"878","2019/1/12 3:14","41.94","桐庐大队","38.62","[{""y"":34.81","x:""00:00:00""","s:""1""}","{""x"":""00:00:00""","y:36.67","s:""2""}","{""y"":35.94","x:""00:02:00""","s:""1""}","{""x"":""00:02:00""","y:37.66","s:""2""}","{""y"":35.75","x:""00:04:00""","s:""1""}","{""x"":""00:04:00""","y:36.04","s:""2""}","{""y"":36.98","x:""00:06:00""","s:""1""}","{""x"":""00:"
"879","2019/1/12 3:14","32.86","江干大队","32.89","[{""y"":31.05","x:""00:00:00""","s:""1""}","{""x"":""00:00:00""","y:31.64","s:""2""}","{""y"":31.09","x:""00:02:00""","s:""1""}","{""x"":""00:02:00""","y:31.66","s:""2""}","{""y"":31.07","x:""00:04:00""","s:""1""}","{""x"":""00:04:00""","y:31.5","s:""2""}","{""y"":31.13","x:""00:06:00""","s:""1""}","{""x"":""00:0"
"88","2019/1/12 0:18","28.6","上城大队","29.38","[{""y"":28.65","x:""00:00:00""","s:""1""}","{""x"":""00:00:00""","y:28.86","s:""2""}","{""y"":28.44","x:""00:02:00""","s:""1""}","{""x"":""00:02:00""","y:29.54","s:""2""}","{""y"":28.39","x:""00:04:00""","s:""1""}","{""x"":""00:04:00""","y:28.92","s:""2""}","{""y"":28.41","x:""00:06:00""","s:""1""}","{""x"":""00:"
"880","2019/1/12 3:14","39.38","淳安大队","35.24","[{""y"":37.38","x:""00:00:00""","s:""1""}","{""x"":""00:00:00""","y:32.32","s:""2""}","{""y"":37.27","x:""00:02:00""","s:""1""}","{""x"":""00:02:00""","y:32.13","s:""2""}","{""y"":37.44","x:""00:04:00""","s:""1""}","{""x"":""00:04:00""","y:34.13","s:""2""}","{""y"":37.63","x:""00:06:00""","s:""1""}","{""x"":""00:"
"881","2019/1/12 3:14","36.74","滨江大队","35.79","[{""y"":33.38","x:""00:00:00""","s:""1""}","{""x"":""00:00:00""","y:33.22","s:""2""}","{""y"":33.38","x:""00:02:00""","s:""1""}","{""x"":""00:02:00""","y:33.44","s:""2""}","{""y"":33.42","x:""00:04:00""","s:""1""}","{""x"":""00:04:00""","y:33.42","s:""2""}","{""y"":33.33","x:""00:06:00""","s:""1""}","{""x"":""00:"
"882","2019/1/12 3:14","42.94","萧山大队","39.29","[{""y"":39.77","x:""00:00:00""","s:""1""}","{""x"":""00:00:00""","y:39.01","s:""2""}","{""y"":39.34","x:""00:02:00""","s:""1""}","{""x"":""00:02:00""","y:38.8","s:""2""}","{""y"":39.57","x:""00:04:00""","s:""1""}","{""x"":""00:04:00""","y:38.82","s:""2""}","{""y"":39.87","x:""00:06:00""","s:""1""}","{""x"":""00:0"
"883","2019/1/12 3:14","33.75","西湖大队","33.55","[{""y"":31.45","x:""00:00:00""","s:""1""}","{""x"":""00:00:00""","y:31.86","s:""2""}","{""y"":31.39","x:""00:02:00""","s:""1""}","{""x"":""00:02:00""","y:32.19","s:""2""}","{""y"":31.56","x:""00:04:00""","s:""1""}","{""x"":""00:04:00""","y:32.32","s:""2""}","{""y"":31.56","x:""00:06:00""","s:""1""}","{""x"":""00:"
"884","2019/1/12 3:16","30.4","下城大队","29.11","[{""y"":27.94","x:""00:00:00""","s:""1""}","{""x"":""00:00:00""","y:28.69","s:""2""}","{""y"":28.01","x:""00:02:00""","s:""1""}","{""x"":""00:02:00""","y:28.63","s:""2""}","{""y"":28","x:""00:04:00""","s:""1""}","{""x"":""00:04:00""","y:28.66","s:""2""}","{""y"":28.04","x:""00:06:00""","s:""1""}","{""x"":""00:06:"
"885","2019/1/12 3:16","33.94","下沙大队","35.27","[{""y"":31.78","x:""00:00:00""","s:""1""}","{""x"":""00:00:00""","y:33.02","s:""2""}","{""y"":31.73","x:""00:02:00""","s:""1""}","{""x"":""00:02:00""","y:33.25","s:""2""}","{""y"":31.94","x:""00:04:00""","s:""1""}","{""x"":""00:04:00""","y:32.58","s:""2""}","{""y"":32.02","x:""00:06:00""","s:""1""}","{""x"":""00:"
"886","2019/1/12 3:16","38.11","临安大队","34.82","[{""y"":43.53","x:""00:00:00""","s:""1""}","{""x"":""00:00:00""","y:37.98","s:""2""}","{""y"":42.09","x:""00:02:00""","s:""1""}","{""x"":""00:02:00""","y:43.36","s:""2""}","{""y"":41.85","x:""00:04:00""","s:""1""}","{""x"":""00:04:00""","y:42.97","s:""2""}","{""y"":41.02","x:""00:06:00""","s:""1""}","{""x"":""00:"
"887","2019/1/12 3:16","32.4","主城区","32.32","[{""y"":30.45","x:""00:00:00""","s:""1""}","{""x"":""00:00:00""","y:30.92","s:""2""}","{""y"":30.44","x:""00:02:00""","s:""1""}","{""x"":""00:02:00""","y:31.2","s:""2""}","{""y"":30.48","x:""00:04:00""","s:""1""}","{""x"":""00:04:00""","y:31.06","s:""2""}","{""y"":30.49","x:""00:06:00""","s:""1""}","{""x"":""00:0"
"888","2019/1/12 3:16","48.37","富阳大队","44.07","[{""y"":41.59","x:""00:00:00""","s:""1""}","{""x"":""00:00:00""","y:34.53","s:""2""}","{""y"":41.31","x:""00:02:00""","s:""1""}","{""x"":""00:02:00""","y:40.01","s:""2""}","{""y"":41.55","x:""00:04:00""","s:""1""}","{""x"":""00:04:00""","y:32.89","s:""2""}","{""y"":41.75","x:""00:06:00""","s:""1""}","{""x"":""00:"
"889","2019/1/12 3:16","39.46","建德大队","40.73","[{""y"":36.11","x:""00:00:00""","s:""1""}","{""x"":""00:00:00""","y:35.36","s:""2""}","{""y"":36.25","x:""00:02:00""","s:""1""}","{""x"":""00:02:00""","y:36.38","s:""2""}","{""y"":36.37","x:""00:04:00""","s:""1""}","{""x"":""00:04:00""","y:35.85","s:""2""}","{""y"":36.09","x:""00:06:00""","s:""1""}","{""x"":""00:"
"89","2019/1/12 0:18","28.51","下城大队","29.85","[{""y"":27.94","x:""00:00:00""","s:""1""}","{""x"":""00:00:00""","y:28.69","s:""2""}","{""y"":28.01","x:""00:02:00""","s:""1""}","{""x"":""00:02:00""","y:28.63","s:""2""}","{""y"":28","x:""00:04:00""","s:""1""}","{""x"":""00:04:00""","y:28.66","s:""2""}","{""y"":28.04","x:""00:06:00""","s:""1""}","{""x"":""00:06:"
"890","2019/1/12 3:16","38.05","景区大队","41.03","[{""y"":35.22","x:""00:00:00""","s:""1""}","{""x"":""00:00:00""","y:38.65","s:""2""}","{""y"":35.02","x:""00:02:00""","s:""1""}","{""x"":""00:02:00""","y:40.1","s:""2""}","{""y"":34.98","x:""00:04:00""","s:""1""}","{""x"":""00:04:00""","y:40.28","s:""2""}","{""y"":34.87","x:""00:06:00""","s:""1""}","{""x"":""00:0"
"891","2019/1/12 3:16","41.28","桐庐大队","40.32","[{""y"":34.81","x:""00:00:00""","s:""1""}","{""x"":""00:00:00""","y:36.67","s:""2""}","{""y"":35.94","x:""00:02:00""","s:""1""}","{""x"":""00:02:00""","y:37.66","s:""2""}","{""y"":35.75","x:""00:04:00""","s:""1""}","{""x"":""00:04:00""","y:36.04","s:""2""}","{""y"":36.98","x:""00:06:00""","s:""1""}","{""x"":""00:"
"892","2019/1/12 3:16","39.44","淳安大队","35.24","[{""y"":37.38","x:""00:00:00""","s:""1""}","{""x"":""00:00:00""","y:32.32","s:""2""}","{""y"":37.27","x:""00:02:00""","s:""1""}","{""x"":""00:02:00""","y:32.13","s:""2""}","{""y"":37.44","x:""00:04:00""","s:""1""}","{""x"":""00:04:00""","y:34.13","s:""2""}","{""y"":37.63","x:""00:06:00""","s:""1""}","{""x"":""00:"
"893","2019/1/12 3:18","30.8","上城大队","31.34","[{""y"":28.65","x:""00:00:00""","s:""1""}","{""x"":""00:00:00""","y:28.86","s:""2""}","{""y"":28.44","x:""00:02:00""","s:""1""}","{""x"":""00:02:00""","y:29.54","s:""2""}","{""y"":28.39","x:""00:04:00""","s:""1""}","{""x"":""00:04:00""","y:28.92","s:""2""}","{""y"":28.41","x:""00:06:00""","s:""1""}","{""x"":""00:"
"894","2019/1/12 3:18","30.33","下城大队","29.68","[{""y"":27.94","x:""00:00:00""","s:""1""}","{""x"":""00:00:00""","y:28.69","s:""2""}","{""y"":28.01","x:""00:02:00""","s:""1""}","{""x"":""00:02:00""","y:28.63","s:""2""}","{""y"":28","x:""00:04:00""","s:""1""}","{""x"":""00:04:00""","y:28.66","s:""2""}","{""y"":28.04","x:""00:06:00""","s:""1""}","{""x"":""00:06:"
"895","2019/1/12 3:18","33.49","下沙大队","35.47","[{""y"":31.78","x:""00:00:00""","s:""1""}","{""x"":""00:00:00""","y:33.02","s:""2""}","{""y"":31.73","x:""00:02:00""","s:""1""}","{""x"":""00:02:00""","y:33.25","s:""2""}","{""y"":31.94","x:""00:04:00""","s:""1""}","{""x"":""00:04:00""","y:32.58","s:""2""}","{""y"":32.02","x:""00:06:00""","s:""1""}","{""x"":""00:"
"896","2019/1/12 3:18","38.16","临安大队","36.26","[{""y"":43.53","x:""00:00:00""","s:""1""}","{""x"":""00:00:00""","y:37.98","s:""2""}","{""y"":42.09","x:""00:02:00""","s:""1""}","{""x"":""00:02:00""","y:43.36","s:""2""}","{""y"":41.85","x:""00:04:00""","s:""1""}","{""x"":""00:04:00""","y:42.97","s:""2""}","{""y"":41.02","x:""00:06:00""","s:""1""}","{""x"":""00:"
"897","2019/1/12 3:18","32.39","主城区","32.44","[{""y"":30.45","x:""00:00:00""","s:""1""}","{""x"":""00:00:00""","y:30.92","s:""2""}","{""y"":30.44","x:""00:02:00""","s:""1""}","{""x"":""00:02:00""","y:31.2","s:""2""}","{""y"":30.48","x:""00:04:00""","s:""1""}","{""x"":""00:04:00""","y:31.06","s:""2""}","{""y"":30.49","x:""00:06:00""","s:""1""}","{""x"":""00:0"
"898","2019/1/12 3:18","36.37","余杭大队","37.59","[{""y"":36.37","x:""00:00:00""","s:""1""}","{""x"":""00:00:00""","y:35.51","s:""2""}","{""y"":36.47","x:""00:02:00""","s:""1""}","{""x"":""00:02:00""","y:35.92","s:""2""}","{""y"":36.48","x:""00:04:00""","s:""1""}","{""x"":""00:04:00""","y:36.02","s:""2""}","{""y"":36.23","x:""00:06:00""","s:""1""}","{""x"":""00:"
"899","2019/1/12 3:18","47.89","大江东大队","44.55","[{""y"":47.21","x:""00:00:00""","s:""1""}","{""x"":""00:00:00""","y:46.46","s:""2""}","{""y"":47.5","x:""00:02:00""","s:""1""}","{""x"":""00:02:00""","y:47.48","s:""2""}","{""y"":47.01","x:""00:04:00""","s:""1""}","{""x"":""00:04:00""","y:47.41","s:""2""}","{""y"":46.76","x:""00:06:00""","s:""1""}","{""x"":""00:0"
"9","2019/1/12 0:06","41.02","临安大队","44.56","[{""y"":43.53","x:""00:00:00""","s:""1""}","{""x"":""00:00:00""","y:37.98","s:""2""}","{""y"":42.09","x:""00:02:00""","s:""1""}","{""x"":""00:02:00""","y:43.36","s:""2""}","{""y"":41.85","x:""00:04:00""","s:""1""}","{""x"":""00:04:00""","y:42.97","s:""2""}","{""y"":41.02","x:""00:06:00""","s:""1""}","{""x"":""00:"
"90","2019/1/12 0:18","31.97","下沙大队","32.65","[{""y"":31.78","x:""00:00:00""","s:""1""}","{""x"":""00:00:00""","y:33.02","s:""2""}","{""y"":31.73","x:""00:02:00""","s:""1""}","{""x"":""00:02:00""","y:33.25","s:""2""}","{""y"":31.94","x:""00:04:00""","s:""1""}","{""x"":""00:04:00""","y:32.58","s:""2""}","{""y"":32.02","x:""00:06:00""","s:""1""}","{""x"":""00:"
"900","2019/1/12 3:18","47.94","富阳大队","43.55","[{""y"":41.59","x:""00:00:00""","s:""1""}","{""x"":""00:00:00""","y:34.53","s:""2""}","{""y"":41.31","x:""00:02:00""","s:""1""}","{""x"":""00:02:00""","y:40.01","s:""2""}","{""y"":41.55","x:""00:04:00""","s:""1""}","{""x"":""00:04:00""","y:32.89","s:""2""}","{""y"":41.75","x:""00:06:00""","s:""1""}","{""x"":""00:"
"901","2019/1/12 3:18","38.9","建德大队","40.73","[{""y"":36.11","x:""00:00:00""","s:""1""}","{""x"":""00:00:00""","y:35.36","s:""2""}","{""y"":36.25","x:""00:02:00""","s:""1""}","{""x"":""00:02:00""","y:36.38","s:""2""}","{""y"":36.37","x:""00:04:00""","s:""1""}","{""x"":""00:04:00""","y:35.85","s:""2""}","{""y"":36.09","x:""00:06:00""","s:""1""}","{""x"":""00:"
"902","2019/1/12 3:18","31.21","拱墅大队","30.56","[{""y"":29","x:""00:00:00""","s:""1""}","{""x"":""00:00:00""","y:28.99","s:""2""}","{""y"":29.07","x:""00:02:00""","s:""1""}","{""x"":""00:02:00""","y:29.35","s:""2""}","{""y"":29.12","x:""00:04:00""","s:""1""}","{""x"":""00:04:00""","y:29.07","s:""2""}","{""y"":29.09","x:""00:06:00""","s:""1""}","{""x"":""00:06:"
"903","2019/1/12 3:18","38.19","景区大队","40.35","[{""y"":35.22","x:""00:00:00""","s:""1""}","{""x"":""00:00:00""","y:38.65","s:""2""}","{""y"":35.02","x:""00:02:00""","s:""1""}","{""x"":""00:02:00""","y:40.1","s:""2""}","{""y"":34.98","x:""00:04:00""","s:""1""}","{""x"":""00:04:00""","y:40.28","s:""2""}","{""y"":34.87","x:""00:06:00""","s:""1""}","{""x"":""00:0"
"904","2019/1/12 3:18","41.01","桐庐大队","42.28","[{""y"":34.81","x:""00:00:00""","s:""1""}","{""x"":""00:00:00""","y:36.67","s:""2""}","{""y"":35.94","x:""00:02:00""","s:""1""}","{""x"":""00:02:00""","y:37.66","s:""2""}","{""y"":35.75","x:""00:04:00""","s:""1""}","{""x"":""00:04:00""","y:36.04","s:""2""}","{""y"":36.98","x:""00:06:00""","s:""1""}","{""x"":""00:"
"905","2019/1/12 3:18","33.05","江干大队","33.19","[{""y"":31.05","x:""00:00:00""","s:""1""}","{""x"":""00:00:00""","y:31.64","s:""2""}","{""y"":31.09","x:""00:02:00""","s:""1""}","{""x"":""00:02:00""","y:31.66","s:""2""}","{""y"":31.07","x:""00:04:00""","s:""1""}","{""x"":""00:04:00""","y:31.5","s:""2""}","{""y"":31.13","x:""00:06:00""","s:""1""}","{""x"":""00:0"
"906","2019/1/12 3:18","39.56","淳安大队","37.23","[{""y"":37.38","x:""00:00:00""","s:""1""}","{""x"":""00:00:00""","y:32.32","s:""2""}","{""y"":37.27","x:""00:02:00""","s:""1""}","{""x"":""00:02:00""","y:32.13","s:""2""}","{""y"":37.44","x:""00:04:00""","s:""1""}","{""x"":""00:04:00""","y:34.13","s:""2""}","{""y"":37.63","x:""00:06:00""","s:""1""}","{""x"":""00:"
"907","2019/1/12 3:18","36.54","滨江大队","35.71","[{""y"":33.38","x:""00:00:00""","s:""1""}","{""x"":""00:00:00""","y:33.22","s:""2""}","{""y"":33.38","x:""00:02:00""","s:""1""}","{""x"":""00:02:00""","y:33.44","s:""2""}","{""y"":33.42","x:""00:04:00""","s:""1""}","{""x"":""00:04:00""","y:33.42","s:""2""}","{""y"":33.33","x:""00:06:00""","s:""1""}","{""x"":""00:"
"908","2019/1/12 3:18","42.7","萧山大队","38.68","[{""y"":39.77","x:""00:00:00""","s:""1""}","{""x"":""00:00:00""","y:39.01","s:""2""}","{""y"":39.34","x:""00:02:00""","s:""1""}","{""x"":""00:02:00""","y:38.8","s:""2""}","{""y"":39.57","x:""00:04:00""","s:""1""}","{""x"":""00:04:00""","y:38.82","s:""2""}","{""y"":39.87","x:""00:06:00""","s:""1""}","{""x"":""00:0"
"909","2019/1/12 3:18","33.7","西湖大队","33.98","[{""y"":31.45","x:""00:00:00""","s:""1""}","{""x"":""00:00:00""","y:31.86","s:""2""}","{""y"":31.39","x:""00:02:00""","s:""1""}","{""x"":""00:02:00""","y:32.19","s:""2""}","{""y"":31.56","x:""00:04:00""","s:""1""}","{""x"":""00:04:00""","y:32.32","s:""2""}","{""y"":31.56","x:""00:06:00""","s:""1""}","{""x"":""00:"
"91","2019/1/12 0:18","30.73","主城区","31.35","[{""y"":30.45","x:""00:00:00""","s:""1""}","{""x"":""00:00:00""","y:30.92","s:""2""}","{""y"":30.44","x:""00:02:00""","s:""1""}","{""x"":""00:02:00""","y:31.2","s:""2""}","{""y"":30.48","x:""00:04:00""","s:""1""}","{""x"":""00:04:00""","y:31.06","s:""2""}","{""y"":30.49","x:""00:06:00""","s:""1""}","{""x"":""00:0"
"910","2019/1/12 3:20","30.78","上城大队","31.19","[{""y"":28.65","x:""00:00:00""","s:""1""}","{""x"":""00:00:00""","y:28.86","s:""2""}","{""y"":28.44","x:""00:02:00""","s:""1""}","{""x"":""00:02:00""","y:29.54","s:""2""}","{""y"":28.39","x:""00:04:00""","s:""1""}","{""x"":""00:04:00""","y:28.92","s:""2""}","{""y"":28.41","x:""00:06:00""","s:""1""}","{""x"":""00:"
"911","2019/1/12 3:20","30.43","下城大队","29.81","[{""y"":27.94","x:""00:00:00""","s:""1""}","{""x"":""00:00:00""","y:28.69","s:""2""}","{""y"":28.01","x:""00:02:00""","s:""1""}","{""x"":""00:02:00""","y:28.63","s:""2""}","{""y"":28","x:""00:04:00""","s:""1""}","{""x"":""00:04:00""","y:28.66","s:""2""}","{""y"":28.04","x:""00:06:00""","s:""1""}","{""x"":""00:06:"
"912","2019/1/12 3:20","33.88","下沙大队","35.65","[{""y"":31.78","x:""00:00:00""","s:""1""}","{""x"":""00:00:00""","y:33.02","s:""2""}","{""y"":31.73","x:""00:02:00""","s:""1""}","{""x"":""00:02:00""","y:33.25","s:""2""}","{""y"":31.94","x:""00:04:00""","s:""1""}","{""x"":""00:04:00""","y:32.58","s:""2""}","{""y"":32.02","x:""00:06:00""","s:""1""}","{""x"":""00:"
"913","2019/1/12 3:20","38.16","临安大队","35.84","[{""y"":43.53","x:""00:00:00""","s:""1""}","{""x"":""00:00:00""","y:37.98","s:""2""}","{""y"":42.09","x:""00:02:00""","s:""1""}","{""x"":""00:02:00""","y:43.36","s:""2""}","{""y"":41.85","x:""00:04:00""","s:""1""}","{""x"":""00:04:00""","y:42.97","s:""2""}","{""y"":41.02","x:""00:06:00""","s:""1""}","{""x"":""00:"
"914","2019/1/12 3:20","32.39","主城区","32.37","[{""y"":30.45","x:""00:00:00""","s:""1""}","{""x"":""00:00:00""","y:30.92","s:""2""}","{""y"":30.44","x:""00:02:00""","s:""1""}","{""x"":""00:02:00""","y:31.2","s:""2""}","{""y"":30.48","x:""00:04:00""","s:""1""}","{""x"":""00:04:00""","y:31.06","s:""2""}","{""y"":30.49","x:""00:06:00""","s:""1""}","{""x"":""00:0"
"915","2019/1/12 3:20","36.39","余杭大队","36.79","[{""y"":36.37","x:""00:00:00""","s:""1""}","{""x"":""00:00:00""","y:35.51","s:""2""}","{""y"":36.47","x:""00:02:00""","s:""1""}","{""x"":""00:02:00""","y:35.92","s:""2""}","{""y"":36.48","x:""00:04:00""","s:""1""}","{""x"":""00:04:00""","y:36.02","s:""2""}","{""y"":36.23","x:""00:06:00""","s:""1""}","{""x"":""00:"
"916","2019/1/12 3:20","47.89","大江东大队","41.87","[{""y"":47.21","x:""00:00:00""","s:""1""}","{""x"":""00:00:00""","y:46.46","s:""2""}","{""y"":47.5","x:""00:02:00""","s:""1""}","{""x"":""00:02:00""","y:47.48","s:""2""}","{""y"":47.01","x:""00:04:00""","s:""1""}","{""x"":""00:04:00""","y:47.41","s:""2""}","{""y"":46.76","x:""00:06:00""","s:""1""}","{""x"":""00:0"
"917","2019/1/12 3:20","47.1","富阳大队","43.07","[{""y"":41.59","x:""00:00:00""","s:""1""}","{""x"":""00:00:00""","y:34.53","s:""2""}","{""y"":41.31","x:""00:02:00""","s:""1""}","{""x"":""00:02:00""","y:40.01","s:""2""}","{""y"":41.55","x:""00:04:00""","s:""1""}","{""x"":""00:04:00""","y:32.89","s:""2""}","{""y"":41.75","x:""00:06:00""","s:""1""}","{""x"":""00:"
"918","2019/1/12 3:20","39.79","建德大队","43.71","[{""y"":36.11","x:""00:00:00""","s:""1""}","{""x"":""00:00:00""","y:35.36","s:""2""}","{""y"":36.25","x:""00:02:00""","s:""1""}","{""x"":""00:02:00""","y:36.38","s:""2""}","{""y"":36.37","x:""00:04:00""","s:""1""}","{""x"":""00:04:00""","y:35.85","s:""2""}","{""y"":36.09","x:""00:06:00""","s:""1""}","{""x"":""00:"
"919","2019/1/12 3:20","31.23","拱墅大队","30.18","[{""y"":29","x:""00:00:00""","s:""1""}","{""x"":""00:00:00""","y:28.99","s:""2""}","{""y"":29.07","x:""00:02:00""","s:""1""}","{""x"":""00:02:00""","y:29.35","s:""2""}","{""y"":29.12","x:""00:04:00""","s:""1""}","{""x"":""00:04:00""","y:29.07","s:""2""}","{""y"":29.09","x:""00:06:00""","s:""1""}","{""x"":""00:06:"
"92","2019/1/12 0:18","35.96","余杭大队","35.95","[{""y"":36.37","x:""00:00:00""","s:""1""}","{""x"":""00:00:00""","y:35.51","s:""2""}","{""y"":36.47","x:""00:02:00""","s:""1""}","{""x"":""00:02:00""","y:35.92","s:""2""}","{""y"":36.48","x:""00:04:00""","s:""1""}","{""x"":""00:04:00""","y:36.02","s:""2""}","{""y"":36.23","x:""00:06:00""","s:""1""}","{""x"":""00:"
"920","2019/1/12 3:20","38.87","景区大队","40.12","[{""y"":35.22","x:""00:00:00""","s:""1""}","{""x"":""00:00:00""","y:38.65","s:""2""}","{""y"":35.02","x:""00:02:00""","s:""1""}","{""x"":""00:02:00""","y:40.1","s:""2""}","{""y"":34.98","x:""00:04:00""","s:""1""}","{""x"":""00:04:00""","y:40.28","s:""2""}","{""y"":34.87","x:""00:06:00""","s:""1""}","{""x"":""00:0"
"921","2019/1/12 3:20","41.42","桐庐大队","44.07","[{""y"":34.81","x:""00:00:00""","s:""1""}","{""x"":""00:00:00""","y:36.67","s:""2""}","{""y"":35.94","x:""00:02:00""","s:""1""}","{""x"":""00:02:00""","y:37.66","s:""2""}","{""y"":35.75","x:""00:04:00""","s:""1""}","{""x"":""00:04:00""","y:36.04","s:""2""}","{""y"":36.98","x:""00:06:00""","s:""1""}","{""x"":""00:"
"922","2019/1/12 3:20","33.29","江干大队","32.9","[{""y"":31.05","x:""00:00:00""","s:""1""}","{""x"":""00:00:00""","y:31.64","s:""2""}","{""y"":31.09","x:""00:02:00""","s:""1""}","{""x"":""00:02:00""","y:31.66","s:""2""}","{""y"":31.07","x:""00:04:00""","s:""1""}","{""x"":""00:04:00""","y:31.5","s:""2""}","{""y"":31.13","x:""00:06:00""","s:""1""}","{""x"":""00:0"
"923","2019/1/12 3:20","39.47","淳安大队","45.14","[{""y"":37.38","x:""00:00:00""","s:""1""}","{""x"":""00:00:00""","y:32.32","s:""2""}","{""y"":37.27","x:""00:02:00""","s:""1""}","{""x"":""00:02:00""","y:32.13","s:""2""}","{""y"":37.44","x:""00:04:00""","s:""1""}","{""x"":""00:04:00""","y:34.13","s:""2""}","{""y"":37.63","x:""00:06:00""","s:""1""}","{""x"":""00:"
"924","2019/1/12 3:20","37.08","滨江大队","35.31","[{""y"":33.38","x:""00:00:00""","s:""1""}","{""x"":""00:00:00""","y:33.22","s:""2""}","{""y"":33.38","x:""00:02:00""","s:""1""}","{""x"":""00:02:00""","y:33.44","s:""2""}","{""y"":33.42","x:""00:04:00""","s:""1""}","{""x"":""00:04:00""","y:33.42","s:""2""}","{""y"":33.33","x:""00:06:00""","s:""1""}","{""x"":""00:"
"925","2019/1/12 3:20","42.51","萧山大队","39.64","[{""y"":39.77","x:""00:00:00""","s:""1""}","{""x"":""00:00:00""","y:39.01","s:""2""}","{""y"":39.34","x:""00:02:00""","s:""1""}","{""x"":""00:02:00""","y:38.8","s:""2""}","{""y"":39.57","x:""00:04:00""","s:""1""}","{""x"":""00:04:00""","y:38.82","s:""2""}","{""y"":39.87","x:""00:06:00""","s:""1""}","{""x"":""00:0"
"926","2019/1/12 3:20","33.65","西湖大队","34.13","[{""y"":31.45","x:""00:00:00""","s:""1""}","{""x"":""00:00:00""","y:31.86","s:""2""}","{""y"":31.39","x:""00:02:00""","s:""1""}","{""x"":""00:02:00""","y:32.19","s:""2""}","{""y"":31.56","x:""00:04:00""","s:""1""}","{""x"":""00:04:00""","y:32.32","s:""2""}","{""y"":31.56","x:""00:06:00""","s:""1""}","{""x"":""00:"
"927","2019/1/12 3:22","32.46","主城区","32.34","[{""y"":30.45","x:""00:00:00""","s:""1""}","{""x"":""00:00:00""","y:30.92","s:""2""}","{""y"":30.44","x:""00:02:00""","s:""1""}","{""x"":""00:02:00""","y:31.2","s:""2""}","{""y"":30.48","x:""00:04:00""","s:""1""}","{""x"":""00:04:00""","y:31.06","s:""2""}","{""y"":30.49","x:""00:06:00""","s:""1""}","{""x"":""00:0"
"928","2019/1/12 3:22","36.42","余杭大队","36.27","[{""y"":36.37","x:""00:00:00""","s:""1""}","{""x"":""00:00:00""","y:35.51","s:""2""}","{""y"":36.47","x:""00:02:00""","s:""1""}","{""x"":""00:02:00""","y:35.92","s:""2""}","{""y"":36.48","x:""00:04:00""","s:""1""}","{""x"":""00:04:00""","y:36.02","s:""2""}","{""y"":36.23","x:""00:06:00""","s:""1""}","{""x"":""00:"
"929","2019/1/12 3:22","47.09","大江东大队","41.11","[{""y"":47.21","x:""00:00:00""","s:""1""}","{""x"":""00:00:00""","y:46.46","s:""2""}","{""y"":47.5","x:""00:02:00""","s:""1""}","{""x"":""00:02:00""","y:47.48","s:""2""}","{""y"":47.01","x:""00:04:00""","s:""1""}","{""x"":""00:04:00""","y:47.41","s:""2""}","{""y"":46.76","x:""00:06:00""","s:""1""}","{""x"":""00:0"
"93","2019/1/12 0:18","47.23","大江东大队","43.1","[{""y"":47.21","x:""00:00:00""","s:""1""}","{""x"":""00:00:00""","y:46.46","s:""2""}","{""y"":47.5","x:""00:02:00""","s:""1""}","{""x"":""00:02:00""","y:47.48","s:""2""}","{""y"":47.01","x:""00:04:00""","s:""1""}","{""x"":""00:04:00""","y:47.41","s:""2""}","{""y"":46.76","x:""00:06:00""","s:""1""}","{""x"":""00:0"
"930","2019/1/12 3:22","46.46","富阳大队","39.22","[{""y"":41.59","x:""00:00:00""","s:""1""}","{""x"":""00:00:00""","y:34.53","s:""2""}","{""y"":41.31","x:""00:02:00""","s:""1""}","{""x"":""00:02:00""","y:40.01","s:""2""}","{""y"":41.55","x:""00:04:00""","s:""1""}","{""x"":""00:04:00""","y:32.89","s:""2""}","{""y"":41.75","x:""00:06:00""","s:""1""}","{""x"":""00:"
"931","2019/1/12 3:22","39.91","建德大队","43.46","[{""y"":36.11","x:""00:00:00""","s:""1""}","{""x"":""00:00:00""","y:35.36","s:""2""}","{""y"":36.25","x:""00:02:00""","s:""1""}","{""x"":""00:02:00""","y:36.38","s:""2""}","{""y"":36.37","x:""00:04:00""","s:""1""}","{""x"":""00:04:00""","y:35.85","s:""2""}","{""y"":36.09","x:""00:06:00""","s:""1""}","{""x"":""00:"
"932","2019/1/12 3:22","31.29","拱墅大队","30.43","[{""y"":29","x:""00:00:00""","s:""1""}","{""x"":""00:00:00""","y:28.99","s:""2""}","{""y"":29.07","x:""00:02:00""","s:""1""}","{""x"":""00:02:00""","y:29.35","s:""2""}","{""y"":29.12","x:""00:04:00""","s:""1""}","{""x"":""00:04:00""","y:29.07","s:""2""}","{""y"":29.09","x:""00:06:00""","s:""1""}","{""x"":""00:06:"
"933","2019/1/12 3:22","38.57","景区大队","39.51","[{""y"":35.22","x:""00:00:00""","s:""1""}","{""x"":""00:00:00""","y:38.65","s:""2""}","{""y"":35.02","x:""00:02:00""","s:""1""}","{""x"":""00:02:00""","y:40.1","s:""2""}","{""y"":34.98","x:""00:04:00""","s:""1""}","{""x"":""00:04:00""","y:40.28","s:""2""}","{""y"":34.87","x:""00:06:00""","s:""1""}","{""x"":""00:0"
"934","2019/1/12 3:22","36.77","滨江大队","36.52","[{""y"":33.38","x:""00:00:00""","s:""1""}","{""x"":""00:00:00""","y:33.22","s:""2""}","{""y"":33.38","x:""00:02:00""","s:""1""}","{""x"":""00:02:00""","y:33.44","s:""2""}","{""y"":33.42","x:""00:04:00""","s:""1""}","{""x"":""00:04:00""","y:33.42","s:""2""}","{""y"":33.33","x:""00:06:00""","s:""1""}","{""x"":""00:"
"935","2019/1/12 3:24","30.97","上城大队","30.49","[{""y"":28.65","x:""00:00:00""","s:""1""}","{""x"":""00:00:00""","y:28.86","s:""2""}","{""y"":28.44","x:""00:02:00""","s:""1""}","{""x"":""00:02:00""","y:29.54","s:""2""}","{""y"":28.39","x:""00:04:00""","s:""1""}","{""x"":""00:04:00""","y:28.92","s:""2""}","{""y"":28.41","x:""00:06:00""","s:""1""}","{""x"":""00:"
"936","2019/1/12 3:24","30.5","下城大队","29.76","[{""y"":27.94","x:""00:00:00""","s:""1""}","{""x"":""00:00:00""","y:28.69","s:""2""}","{""y"":28.01","x:""00:02:00""","s:""1""}","{""x"":""00:02:00""","y:28.63","s:""2""}","{""y"":28","x:""00:04:00""","s:""1""}","{""x"":""00:04:00""","y:28.66","s:""2""}","{""y"":28.04","x:""00:06:00""","s:""1""}","{""x"":""00:06:"
"937","2019/1/12 3:24","34.12","下沙大队","35.7","[{""y"":31.78","x:""00:00:00""","s:""1""}","{""x"":""00:00:00""","y:33.02","s:""2""}","{""y"":31.73","x:""00:02:00""","s:""1""}","{""x"":""00:02:00""","y:33.25","s:""2""}","{""y"":31.94","x:""00:04:00""","s:""1""}","{""x"":""00:04:00""","y:32.58","s:""2""}","{""y"":32.02","x:""00:06:00""","s:""1""}","{""x"":""00:"
"938","2019/1/12 3:24","38.25","临安大队","36.69","[{""y"":43.53","x:""00:00:00""","s:""1""}","{""x"":""00:00:00""","y:37.98","s:""2""}","{""y"":42.09","x:""00:02:00""","s:""1""}","{""x"":""00:02:00""","y:43.36","s:""2""}","{""y"":41.85","x:""00:04:00""","s:""1""}","{""x"":""00:04:00""","y:42.97","s:""2""}","{""y"":41.02","x:""00:06:00""","s:""1""}","{""x"":""00:"
"939","2019/1/12 3:24","32.48","主城区","32.45","[{""y"":30.45","x:""00:00:00""","s:""1""}","{""x"":""00:00:00""","y:30.92","s:""2""}","{""y"":30.44","x:""00:02:00""","s:""1""}","{""x"":""00:02:00""","y:31.2","s:""2""}","{""y"":30.48","x:""00:04:00""","s:""1""}","{""x"":""00:04:00""","y:31.06","s:""2""}","{""y"":30.49","x:""00:06:00""","s:""1""}","{""x"":""00:0"
"94","2019/1/12 0:18","45.75","富阳大队","42.24","[{""y"":41.59","x:""00:00:00""","s:""1""}","{""x"":""00:00:00""","y:34.53","s:""2""}","{""y"":41.31","x:""00:02:00""","s:""1""}","{""x"":""00:02:00""","y:40.01","s:""2""}","{""y"":41.55","x:""00:04:00""","s:""1""}","{""x"":""00:04:00""","y:32.89","s:""2""}","{""y"":41.75","x:""00:06:00""","s:""1""}","{""x"":""00:"
"940","2019/1/12 3:24","36.98","余杭大队","36.39","[{""y"":36.37","x:""00:00:00""","s:""1""}","{""x"":""00:00:00""","y:35.51","s:""2""}","{""y"":36.47","x:""00:02:00""","s:""1""}","{""x"":""00:02:00""","y:35.92","s:""2""}","{""y"":36.48","x:""00:04:00""","s:""1""}","{""x"":""00:04:00""","y:36.02","s:""2""}","{""y"":36.23","x:""00:06:00""","s:""1""}","{""x"":""00:"
"941","2019/1/12 3:24","46.96","大江东大队","41.12","[{""y"":47.21","x:""00:00:00""","s:""1""}","{""x"":""00:00:00""","y:46.46","s:""2""}","{""y"":47.5","x:""00:02:00""","s:""1""}","{""x"":""00:02:00""","y:47.48","s:""2""}","{""y"":47.01","x:""00:04:00""","s:""1""}","{""x"":""00:04:00""","y:47.41","s:""2""}","{""y"":46.76","x:""00:06:00""","s:""1""}","{""x"":""00:0"
"942","2019/1/12 3:24","46.38","富阳大队","42.25","[{""y"":41.59","x:""00:00:00""","s:""1""}","{""x"":""00:00:00""","y:34.53","s:""2""}","{""y"":41.31","x:""00:02:00""","s:""1""}","{""x"":""00:02:00""","y:40.01","s:""2""}","{""y"":41.55","x:""00:04:00""","s:""1""}","{""x"":""00:04:00""","y:32.89","s:""2""}","{""y"":41.75","x:""00:06:00""","s:""1""}","{""x"":""00:"
"943","2019/1/12 3:24","40.62","建德大队","43.46","[{""y"":36.11","x:""00:00:00""","s:""1""}","{""x"":""00:00:00""","y:35.36","s:""2""}","{""y"":36.25","x:""00:02:00""","s:""1""}","{""x"":""00:02:00""","y:36.38","s:""2""}","{""y"":36.37","x:""00:04:00""","s:""1""}","{""x"":""00:04:00""","y:35.85","s:""2""}","{""y"":36.09","x:""00:06:00""","s:""1""}","{""x"":""00:"
"944","2019/1/12 3:24","31.36","拱墅大队","30.5","[{""y"":29","x:""00:00:00""","s:""1""}","{""x"":""00:00:00""","y:28.99","s:""2""}","{""y"":29.07","x:""00:02:00""","s:""1""}","{""x"":""00:02:00""","y:29.35","s:""2""}","{""y"":29.12","x:""00:04:00""","s:""1""}","{""x"":""00:04:00""","y:29.07","s:""2""}","{""y"":29.09","x:""00:06:00""","s:""1""}","{""x"":""00:06:"
"945","2019/1/12 3:24","38.78","景区大队","42.32","[{""y"":35.22","x:""00:00:00""","s:""1""}","{""x"":""00:00:00""","y:38.65","s:""2""}","{""y"":35.02","x:""00:02:00""","s:""1""}","{""x"":""00:02:00""","y:40.1","s:""2""}","{""y"":34.98","x:""00:04:00""","s:""1""}","{""x"":""00:04:00""","y:40.28","s:""2""}","{""y"":34.87","x:""00:06:00""","s:""1""}","{""x"":""00:0"
"946","2019/1/12 3:24","41.86","桐庐大队","41.27","[{""y"":34.81","x:""00:00:00""","s:""1""}","{""x"":""00:00:00""","y:36.67","s:""2""}","{""y"":35.94","x:""00:02:00""","s:""1""}","{""x"":""00:02:00""","y:37.66","s:""2""}","{""y"":35.75","x:""00:04:00""","s:""1""}","{""x"":""00:04:00""","y:36.04","s:""2""}","{""y"":36.98","x:""00:06:00""","s:""1""}","{""x"":""00:"
"947","2019/1/12 3:24","33.27","江干大队","32.52","[{""y"":31.05","x:""00:00:00""","s:""1""}","{""x"":""00:00:00""","y:31.64","s:""2""}","{""y"":31.09","x:""00:02:00""","s:""1""}","{""x"":""00:02:00""","y:31.66","s:""2""}","{""y"":31.07","x:""00:04:00""","s:""1""}","{""x"":""00:04:00""","y:31.5","s:""2""}","{""y"":31.13","x:""00:06:00""","s:""1""}","{""x"":""00:0"
"948","2019/1/12 3:24","39.8","淳安大队","45.22","[{""y"":37.38","x:""00:00:00""","s:""1""}","{""x"":""00:00:00""","y:32.32","s:""2""}","{""y"":37.27","x:""00:02:00""","s:""1""}","{""x"":""00:02:00""","y:32.13","s:""2""}","{""y"":37.44","x:""00:04:00""","s:""1""}","{""x"":""00:04:00""","y:34.13","s:""2""}","{""y"":37.63","x:""00:06:00""","s:""1""}","{""x"":""00:"
"949","2019/1/12 3:24","36.89","滨江大队","35.96","[{""y"":33.38","x:""00:00:00""","s:""1""}","{""x"":""00:00:00""","y:33.22","s:""2""}","{""y"":33.38","x:""00:02:00""","s:""1""}","{""x"":""00:02:00""","y:33.44","s:""2""}","{""y"":33.42","x:""00:04:00""","s:""1""}","{""x"":""00:04:00""","y:33.42","s:""2""}","{""y"":33.33","x:""00:06:00""","s:""1""}","{""x"":""00:"
"95","2019/1/12 0:18","35.57","建德大队","32.55","[{""y"":36.11","x:""00:00:00""","s:""1""}","{""x"":""00:00:00""","y:35.36","s:""2""}","{""y"":36.25","x:""00:02:00""","s:""1""}","{""x"":""00:02:00""","y:36.38","s:""2""}","{""y"":36.37","x:""00:04:00""","s:""1""}","{""x"":""00:04:00""","y:35.85","s:""2""}","{""y"":36.09","x:""00:06:00""","s:""1""}","{""x"":""00:"
"950","2019/1/12 3:24","42.78","萧山大队","38.7","[{""y"":39.77","x:""00:00:00""","s:""1""}","{""x"":""00:00:00""","y:39.01","s:""2""}","{""y"":39.34","x:""00:02:00""","s:""1""}","{""x"":""00:02:00""","y:38.8","s:""2""}","{""y"":39.57","x:""00:04:00""","s:""1""}","{""x"":""00:04:00""","y:38.82","s:""2""}","{""y"":39.87","x:""00:06:00""","s:""1""}","{""x"":""00:0"
"951","2019/1/12 3:24","33.69","西湖大队","34.62","[{""y"":31.45","x:""00:00:00""","s:""1""}","{""x"":""00:00:00""","y:31.86","s:""2""}","{""y"":31.39","x:""00:02:00""","s:""1""}","{""x"":""00:02:00""","y:32.19","s:""2""}","{""y"":31.56","x:""00:04:00""","s:""1""}","{""x"":""00:04:00""","y:32.32","s:""2""}","{""y"":31.56","x:""00:06:00""","s:""1""}","{""x"":""00:"
"952","2019/1/12 3:26","30.77","上城大队","32.12","[{""y"":28.65","x:""00:00:00""","s:""1""}","{""x"":""00:00:00""","y:28.86","s:""2""}","{""y"":28.44","x:""00:02:00""","s:""1""}","{""x"":""00:02:00""","y:29.54","s:""2""}","{""y"":28.39","x:""00:04:00""","s:""1""}","{""x"":""00:04:00""","y:28.92","s:""2""}","{""y"":28.41","x:""00:06:00""","s:""1""}","{""x"":""00:"
"953","2019/1/12 3:26","30.56","下城大队","29.91","[{""y"":27.94","x:""00:00:00""","s:""1""}","{""x"":""00:00:00""","y:28.69","s:""2""}","{""y"":28.01","x:""00:02:00""","s:""1""}","{""x"":""00:02:00""","y:28.63","s:""2""}","{""y"":28","x:""00:04:00""","s:""1""}","{""x"":""00:04:00""","y:28.66","s:""2""}","{""y"":28.04","x:""00:06:00""","s:""1""}","{""x"":""00:06:"
"954","2019/1/12 3:26","34.32","下沙大队","35.4","[{""y"":31.78","x:""00:00:00""","s:""1""}","{""x"":""00:00:00""","y:33.02","s:""2""}","{""y"":31.73","x:""00:02:00""","s:""1""}","{""x"":""00:02:00""","y:33.25","s:""2""}","{""y"":31.94","x:""00:04:00""","s:""1""}","{""x"":""00:04:00""","y:32.58","s:""2""}","{""y"":32.02","x:""00:06:00""","s:""1""}","{""x"":""00:"
"955","2019/1/12 3:26","39.41","临安大队","40.66","[{""y"":43.53","x:""00:00:00""","s:""1""}","{""x"":""00:00:00""","y:37.98","s:""2""}","{""y"":42.09","x:""00:02:00""","s:""1""}","{""x"":""00:02:00""","y:43.36","s:""2""}","{""y"":41.85","x:""00:04:00""","s:""1""}","{""x"":""00:04:00""","y:42.97","s:""2""}","{""y"":41.02","x:""00:06:00""","s:""1""}","{""x"":""00:"
"956","2019/1/12 3:26","32.49","主城区","32.43","[{""y"":30.45","x:""00:00:00""","s:""1""}","{""x"":""00:00:00""","y:30.92","s:""2""}","{""y"":30.44","x:""00:02:00""","s:""1""}","{""x"":""00:02:00""","y:31.2","s:""2""}","{""y"":30.48","x:""00:04:00""","s:""1""}","{""x"":""00:04:00""","y:31.06","s:""2""}","{""y"":30.49","x:""00:06:00""","s:""1""}","{""x"":""00:0"
"957","2019/1/12 3:26","36.87","余杭大队","36.04","[{""y"":36.37","x:""00:00:00""","s:""1""}","{""x"":""00:00:00""","y:35.51","s:""2""}","{""y"":36.47","x:""00:02:00""","s:""1""}","{""x"":""00:02:00""","y:35.92","s:""2""}","{""y"":36.48","x:""00:04:00""","s:""1""}","{""x"":""00:04:00""","y:36.02","s:""2""}","{""y"":36.23","x:""00:06:00""","s:""1""}","{""x"":""00:"
"958","2019/1/12 3:26","47.22","大江东大队","42.73","[{""y"":47.21","x:""00:00:00""","s:""1""}","{""x"":""00:00:00""","y:46.46","s:""2""}","{""y"":47.5","x:""00:02:00""","s:""1""}","{""x"":""00:02:00""","y:47.48","s:""2""}","{""y"":47.01","x:""00:04:00""","s:""1""}","{""x"":""00:04:00""","y:47.41","s:""2""}","{""y"":46.76","x:""00:06:00""","s:""1""}","{""x"":""00:0"
"959","2019/1/12 3:26","46.35","富阳大队","42.92","[{""y"":41.59","x:""00:00:00""","s:""1""}","{""x"":""00:00:00""","y:34.53","s:""2""}","{""y"":41.31","x:""00:02:00""","s:""1""}","{""x"":""00:02:00""","y:40.01","s:""2""}","{""y"":41.55","x:""00:04:00""","s:""1""}","{""x"":""00:04:00""","y:32.89","s:""2""}","{""y"":41.75","x:""00:06:00""","s:""1""}","{""x"":""00:"
"96","2019/1/12 0:18","29.34","拱墅大队","28.73","[{""y"":29","x:""00:00:00""","s:""1""}","{""x"":""00:00:00""","y:28.99","s:""2""}","{""y"":29.07","x:""00:02:00""","s:""1""}","{""x"":""00:02:00""","y:29.35","s:""2""}","{""y"":29.12","x:""00:04:00""","s:""1""}","{""x"":""00:04:00""","y:29.07","s:""2""}","{""y"":29.09","x:""00:06:00""","s:""1""}","{""x"":""00:06:"
"960","2019/1/12 3:26","41.2","建德大队","42.88","[{""y"":36.11","x:""00:00:00""","s:""1""}","{""x"":""00:00:00""","y:35.36","s:""2""}","{""y"":36.25","x:""00:02:00""","s:""1""}","{""x"":""00:02:00""","y:36.38","s:""2""}","{""y"":36.37","x:""00:04:00""","s:""1""}","{""x"":""00:04:00""","y:35.85","s:""2""}","{""y"":36.09","x:""00:06:00""","s:""1""}","{""x"":""00:"
"961","2019/1/12 3:26","31.42","拱墅大队","30.14","[{""y"":29","x:""00:00:00""","s:""1""}","{""x"":""00:00:00""","y:28.99","s:""2""}","{""y"":29.07","x:""00:02:00""","s:""1""}","{""x"":""00:02:00""","y:29.35","s:""2""}","{""y"":29.12","x:""00:04:00""","s:""1""}","{""x"":""00:04:00""","y:29.07","s:""2""}","{""y"":29.09","x:""00:06:00""","s:""1""}","{""x"":""00:06:"
"962","2019/1/12 3:26","38.99","景区大队","41.57","[{""y"":35.22","x:""00:00:00""","s:""1""}","{""x"":""00:00:00""","y:38.65","s:""2""}","{""y"":35.02","x:""00:02:00""","s:""1""}","{""x"":""00:02:00""","y:40.1","s:""2""}","{""y"":34.98","x:""00:04:00""","s:""1""}","{""x"":""00:04:00""","y:40.28","s:""2""}","{""y"":34.87","x:""00:06:00""","s:""1""}","{""x"":""00:0"
"963","2019/1/12 3:26","41.53","桐庐大队","40.66","[{""y"":34.81","x:""00:00:00""","s:""1""}","{""x"":""00:00:00""","y:36.67","s:""2""}","{""y"":35.94","x:""00:02:00""","s:""1""}","{""x"":""00:02:00""","y:37.66","s:""2""}","{""y"":35.75","x:""00:04:00""","s:""1""}","{""x"":""00:04:00""","y:36.04","s:""2""}","{""y"":36.98","x:""00:06:00""","s:""1""}","{""x"":""00:"
"964","2019/1/12 3:26","33.23","江干大队","32.76","[{""y"":31.05","x:""00:00:00""","s:""1""}","{""x"":""00:00:00""","y:31.64","s:""2""}","{""y"":31.09","x:""00:02:00""","s:""1""}","{""x"":""00:02:00""","y:31.66","s:""2""}","{""y"":31.07","x:""00:04:00""","s:""1""}","{""x"":""00:04:00""","y:31.5","s:""2""}","{""y"":31.13","x:""00:06:00""","s:""1""}","{""x"":""00:0"
"965","2019/1/12 3:26","39.81","淳安大队","39.34","[{""y"":37.38","x:""00:00:00""","s:""1""}","{""x"":""00:00:00""","y:32.32","s:""2""}","{""y"":37.27","x:""00:02:00""","s:""1""}","{""x"":""00:02:00""","y:32.13","s:""2""}","{""y"":37.44","x:""00:04:00""","s:""1""}","{""x"":""00:04:00""","y:34.13","s:""2""}","{""y"":37.63","x:""00:06:00""","s:""1""}","{""x"":""00:"
"966","2019/1/12 3:26","36.72","滨江大队","36.21","[{""y"":33.38","x:""00:00:00""","s:""1""}","{""x"":""00:00:00""","y:33.22","s:""2""}","{""y"":33.38","x:""00:02:00""","s:""1""}","{""x"":""00:02:00""","y:33.44","s:""2""}","{""y"":33.42","x:""00:04:00""","s:""1""}","{""x"":""00:04:00""","y:33.42","s:""2""}","{""y"":33.33","x:""00:06:00""","s:""1""}","{""x"":""00:"
"967","2019/1/12 3:26","42.76","萧山大队","38.36","[{""y"":39.77","x:""00:00:00""","s:""1""}","{""x"":""00:00:00""","y:39.01","s:""2""}","{""y"":39.34","x:""00:02:00""","s:""1""}","{""x"":""00:02:00""","y:38.8","s:""2""}","{""y"":39.57","x:""00:04:00""","s:""1""}","{""x"":""00:04:00""","y:38.82","s:""2""}","{""y"":39.87","x:""00:06:00""","s:""1""}","{""x"":""00:0"
"968","2019/1/12 3:26","33.74","西湖大队","34.15","[{""y"":31.45","x:""00:00:00""","s:""1""}","{""x"":""00:00:00""","y:31.86","s:""2""}","{""y"":31.39","x:""00:02:00""","s:""1""}","{""x"":""00:02:00""","y:32.19","s:""2""}","{""y"":31.56","x:""00:04:00""","s:""1""}","{""x"":""00:04:00""","y:32.32","s:""2""}","{""y"":31.56","x:""00:06:00""","s:""1""}","{""x"":""00:"
"969","2019/1/12 3:28","31","上城大队","32.98","[{""y"":28.65","x:""00:00:00""","s:""1""}","{""x"":""00:00:00""","y:28.86","s:""2""}","{""y"":28.44","x:""00:02:00""","s:""1""}","{""x"":""00:02:00""","y:29.54","s:""2""}","{""y"":28.39","x:""00:04:00""","s:""1""}","{""x"":""00:04:00""","y:28.92","s:""2""}","{""y"":28.41","x:""00:06:00""","s:""1""}","{""x"":""00:"
"97","2019/1/12 0:18","36.48","桐庐大队","38.28","[{""y"":34.81","x:""00:00:00""","s:""1""}","{""x"":""00:00:00""","y:36.67","s:""2""}","{""y"":35.94","x:""00:02:00""","s:""1""}","{""x"":""00:02:00""","y:37.66","s:""2""}","{""y"":35.75","x:""00:04:00""","s:""1""}","{""x"":""00:04:00""","y:36.04","s:""2""}","{""y"":36.98","x:""00:06:00""","s:""1""}","{""x"":""00:"
"970","2019/1/12 3:28","30.5","下城大队","30.06","[{""y"":27.94","x:""00:00:00""","s:""1""}","{""x"":""00:00:00""","y:28.69","s:""2""}","{""y"":28.01","x:""00:02:00""","s:""1""}","{""x"":""00:02:00""","y:28.63","s:""2""}","{""y"":28","x:""00:04:00""","s:""1""}","{""x"":""00:04:00""","y:28.66","s:""2""}","{""y"":28.04","x:""00:06:00""","s:""1""}","{""x"":""00:06:"
"971","2019/1/12 3:28","34.38","下沙大队","34.83","[{""y"":31.78","x:""00:00:00""","s:""1""}","{""x"":""00:00:00""","y:33.02","s:""2""}","{""y"":31.73","x:""00:02:00""","s:""1""}","{""x"":""00:02:00""","y:33.25","s:""2""}","{""y"":31.94","x:""00:04:00""","s:""1""}","{""x"":""00:04:00""","y:32.58","s:""2""}","{""y"":32.02","x:""00:06:00""","s:""1""}","{""x"":""00:"
"972","2019/1/12 3:28","38.86","临安大队","39.54","[{""y"":43.53","x:""00:00:00""","s:""1""}","{""x"":""00:00:00""","y:37.98","s:""2""}","{""y"":42.09","x:""00:02:00""","s:""1""}","{""x"":""00:02:00""","y:43.36","s:""2""}","{""y"":41.85","x:""00:04:00""","s:""1""}","{""x"":""00:04:00""","y:42.97","s:""2""}","{""y"":41.02","x:""00:06:00""","s:""1""}","{""x"":""00:"
"973","2019/1/12 3:28","32.59","主城区","32.64","[{""y"":30.45","x:""00:00:00""","s:""1""}","{""x"":""00:00:00""","y:30.92","s:""2""}","{""y"":30.44","x:""00:02:00""","s:""1""}","{""x"":""00:02:00""","y:31.2","s:""2""}","{""y"":30.48","x:""00:04:00""","s:""1""}","{""x"":""00:04:00""","y:31.06","s:""2""}","{""y"":30.49","x:""00:06:00""","s:""1""}","{""x"":""00:0"
"974","2019/1/12 3:28","46.92","富阳大队","42.9","[{""y"":41.59","x:""00:00:00""","s:""1""}","{""x"":""00:00:00""","y:34.53","s:""2""}","{""y"":41.31","x:""00:02:00""","s:""1""}","{""x"":""00:02:00""","y:40.01","s:""2""}","{""y"":41.55","x:""00:04:00""","s:""1""}","{""x"":""00:04:00""","y:32.89","s:""2""}","{""y"":41.75","x:""00:06:00""","s:""1""}","{""x"":""00:"
"975","2019/1/12 3:28","31.55","拱墅大队","30.54","[{""y"":29","x:""00:00:00""","s:""1""}","{""x"":""00:00:00""","y:28.99","s:""2""}","{""y"":29.07","x:""00:02:00""","s:""1""}","{""x"":""00:02:00""","y:29.35","s:""2""}","{""y"":29.12","x:""00:04:00""","s:""1""}","{""x"":""00:04:00""","y:29.07","s:""2""}","{""y"":29.09","x:""00:06:00""","s:""1""}","{""x"":""00:06:"
"976","2019/1/12 3:28","38.79","景区大队","39.81","[{""y"":35.22","x:""00:00:00""","s:""1""}","{""x"":""00:00:00""","y:38.65","s:""2""}","{""y"":35.02","x:""00:02:00""","s:""1""}","{""x"":""00:02:00""","y:40.1","s:""2""}","{""y"":34.98","x:""00:04:00""","s:""1""}","{""x"":""00:04:00""","y:40.28","s:""2""}","{""y"":34.87","x:""00:06:00""","s:""1""}","{""x"":""00:0"
"977","2019/1/12 3:28","40.88","桐庐大队","44.28","[{""y"":34.81","x:""00:00:00""","s:""1""}","{""x"":""00:00:00""","y:36.67","s:""2""}","{""y"":35.94","x:""00:02:00""","s:""1""}","{""x"":""00:02:00""","y:37.66","s:""2""}","{""y"":35.75","x:""00:04:00""","s:""1""}","{""x"":""00:04:00""","y:36.04","s:""2""}","{""y"":36.98","x:""00:06:00""","s:""1""}","{""x"":""00:"
"978","2019/1/12 3:28","33.14","江干大队","33.13","[{""y"":31.05","x:""00:00:00""","s:""1""}","{""x"":""00:00:00""","y:31.64","s:""2""}","{""y"":31.09","x:""00:02:00""","s:""1""}","{""x"":""00:02:00""","y:31.66","s:""2""}","{""y"":31.07","x:""00:04:00""","s:""1""}","{""x"":""00:04:00""","y:31.5","s:""2""}","{""y"":31.13","x:""00:06:00""","s:""1""}","{""x"":""00:0"
"979","2019/1/12 3:28","39.76","淳安大队","38.6","[{""y"":37.38","x:""00:00:00""","s:""1""}","{""x"":""00:00:00""","y:32.32","s:""2""}","{""y"":37.27","x:""00:02:00""","s:""1""}","{""x"":""00:02:00""","y:32.13","s:""2""}","{""y"":37.44","x:""00:04:00""","s:""1""}","{""x"":""00:04:00""","y:34.13","s:""2""}","{""y"":37.63","x:""00:06:00""","s:""1""}","{""x"":""00:"
"98","2019/1/12 0:18","38.07","淳安大队","34.44","[{""y"":37.38","x:""00:00:00""","s:""1""}","{""x"":""00:00:00""","y:32.32","s:""2""}","{""y"":37.27","x:""00:02:00""","s:""1""}","{""x"":""00:02:00""","y:32.13","s:""2""}","{""y"":37.44","x:""00:04:00""","s:""1""}","{""x"":""00:04:00""","y:34.13","s:""2""}","{""y"":37.63","x:""00:06:00""","s:""1""}","{""x"":""00:"
"980","2019/1/12 3:28","36.66","滨江大队","35.79","[{""y"":33.38","x:""00:00:00""","s:""1""}","{""x"":""00:00:00""","y:33.22","s:""2""}","{""y"":33.38","x:""00:02:00""","s:""1""}","{""x"":""00:02:00""","y:33.44","s:""2""}","{""y"":33.42","x:""00:04:00""","s:""1""}","{""x"":""00:04:00""","y:33.42","s:""2""}","{""y"":33.33","x:""00:06:00""","s:""1""}","{""x"":""00:"
"981","2019/1/12 3:28","43","萧山大队","38.33","[{""y"":39.77","x:""00:00:00""","s:""1""}","{""x"":""00:00:00""","y:39.01","s:""2""}","{""y"":39.34","x:""00:02:00""","s:""1""}","{""x"":""00:02:00""","y:38.8","s:""2""}","{""y"":39.57","x:""00:04:00""","s:""1""}","{""x"":""00:04:00""","y:38.82","s:""2""}","{""y"":39.87","x:""00:06:00""","s:""1""}","{""x"":""00:0"
"982","2019/1/12 3:30","31.19","上城大队","33.06","[{""y"":28.65","x:""00:00:00""","s:""1""}","{""x"":""00:00:00""","y:28.86","s:""2""}","{""y"":28.44","x:""00:02:00""","s:""1""}","{""x"":""00:02:00""","y:29.54","s:""2""}","{""y"":28.39","x:""00:04:00""","s:""1""}","{""x"":""00:04:00""","y:28.92","s:""2""}","{""y"":28.41","x:""00:06:00""","s:""1""}","{""x"":""00:"
"983","2019/1/12 3:30","30.36","下城大队","30.58","[{""y"":27.94","x:""00:00:00""","s:""1""}","{""x"":""00:00:00""","y:28.69","s:""2""}","{""y"":28.01","x:""00:02:00""","s:""1""}","{""x"":""00:02:00""","y:28.63","s:""2""}","{""y"":28","x:""00:04:00""","s:""1""}","{""x"":""00:04:00""","y:28.66","s:""2""}","{""y"":28.04","x:""00:06:00""","s:""1""}","{""x"":""00:06:"
"984","2019/1/12 3:30","34.6","下沙大队","35.16","[{""y"":31.78","x:""00:00:00""","s:""1""}","{""x"":""00:00:00""","y:33.02","s:""2""}","{""y"":31.73","x:""00:02:00""","s:""1""}","{""x"":""00:02:00""","y:33.25","s:""2""}","{""y"":31.94","x:""00:04:00""","s:""1""}","{""x"":""00:04:00""","y:32.58","s:""2""}","{""y"":32.02","x:""00:06:00""","s:""1""}","{""x"":""00:"
"985","2019/1/12 3:30","38.23","临安大队","39.25","[{""y"":43.53","x:""00:00:00""","s:""1""}","{""x"":""00:00:00""","y:37.98","s:""2""}","{""y"":42.09","x:""00:02:00""","s:""1""}","{""x"":""00:02:00""","y:43.36","s:""2""}","{""y"":41.85","x:""00:04:00""","s:""1""}","{""x"":""00:04:00""","y:42.97","s:""2""}","{""y"":41.02","x:""00:06:00""","s:""1""}","{""x"":""00:"
"986","2019/1/12 3:30","32.55","主城区","32.66","[{""y"":30.45","x:""00:00:00""","s:""1""}","{""x"":""00:00:00""","y:30.92","s:""2""}","{""y"":30.44","x:""00:02:00""","s:""1""}","{""x"":""00:02:00""","y:31.2","s:""2""}","{""y"":30.48","x:""00:04:00""","s:""1""}","{""x"":""00:04:00""","y:31.06","s:""2""}","{""y"":30.49","x:""00:06:00""","s:""1""}","{""x"":""00:0"
"987","2019/1/12 3:30","36.93","余杭大队","37.46","[{""y"":36.37","x:""00:00:00""","s:""1""}","{""x"":""00:00:00""","y:35.51","s:""2""}","{""y"":36.47","x:""00:02:00""","s:""1""}","{""x"":""00:02:00""","y:35.92","s:""2""}","{""y"":36.48","x:""00:04:00""","s:""1""}","{""x"":""00:04:00""","y:36.02","s:""2""}","{""y"":36.23","x:""00:06:00""","s:""1""}","{""x"":""00:"
"988","2019/1/12 3:30","46.56","大江东大队","42.53","[{""y"":47.21","x:""00:00:00""","s:""1""}","{""x"":""00:00:00""","y:46.46","s:""2""}","{""y"":47.5","x:""00:02:00""","s:""1""}","{""x"":""00:02:00""","y:47.48","s:""2""}","{""y"":47.01","x:""00:04:00""","s:""1""}","{""x"":""00:04:00""","y:47.41","s:""2""}","{""y"":46.76","x:""00:06:00""","s:""1""}","{""x"":""00:0"
"989","2019/1/12 3:30","46.82","富阳大队","44.56","[{""y"":41.59","x:""00:00:00""","s:""1""}","{""x"":""00:00:00""","y:34.53","s:""2""}","{""y"":41.31","x:""00:02:00""","s:""1""}","{""x"":""00:02:00""","y:40.01","s:""2""}","{""y"":41.55","x:""00:04:00""","s:""1""}","{""x"":""00:04:00""","y:32.89","s:""2""}","{""y"":41.75","x:""00:06:00""","s:""1""}","{""x"":""00:"
"99","2019/1/12 0:18","40.09","萧山大队","38.33","[{""y"":39.77","x:""00:00:00""","s:""1""}","{""x"":""00:00:00""","y:39.01","s:""2""}","{""y"":39.34","x:""00:02:00""","s:""1""}","{""x"":""00:02:00""","y:38.8","s:""2""}","{""y"":39.57","x:""00:04:00""","s:""1""}","{""x"":""00:04:00""","y:38.82","s:""2""}","{""y"":39.87","x:""00:06:00""","s:""1""}","{""x"":""00:0"
"990","2019/1/12 3:30","40.22","建德大队","40","[{""y"":36.11","x:""00:00:00""","s:""1""}","{""x"":""00:00:00""","y:35.36","s:""2""}","{""y"":36.25","x:""00:02:00""","s:""1""}","{""x"":""00:02:00""","y:36.38","s:""2""}","{""y"":36.37","x:""00:04:00""","s:""1""}","{""x"":""00:04:00""","y:35.85","s:""2""}","{""y"":36.09","x:""00:06:00""","s:""1""}","{""x"":""00:"
"991","2019/1/12 3:30","31.53","拱墅大队","30.33","[{""y"":29","x:""00:00:00""","s:""1""}","{""x"":""00:00:00""","y:28.99","s:""2""}","{""y"":29.07","x:""00:02:00""","s:""1""}","{""x"":""00:02:00""","y:29.35","s:""2""}","{""y"":29.12","x:""00:04:00""","s:""1""}","{""x"":""00:04:00""","y:29.07","s:""2""}","{""y"":29.09","x:""00:06:00""","s:""1""}","{""x"":""00:06:"
"992","2019/1/12 3:30","38.02","景区大队","39.16","[{""y"":35.22","x:""00:00:00""","s:""1""}","{""x"":""00:00:00""","y:38.65","s:""2""}","{""y"":35.02","x:""00:02:00""","s:""1""}","{""x"":""00:02:00""","y:40.1","s:""2""}","{""y"":34.98","x:""00:04:00""","s:""1""}","{""x"":""00:04:00""","y:40.28","s:""2""}","{""y"":34.87","x:""00:06:00""","s:""1""}","{""x"":""00:0"
"993","2019/1/12 3:30","39.68","桐庐大队","39.92","[{""y"":34.81","x:""00:00:00""","s:""1""}","{""x"":""00:00:00""","y:36.67","s:""2""}","{""y"":35.94","x:""00:02:00""","s:""1""}","{""x"":""00:02:00""","y:37.66","s:""2""}","{""y"":35.75","x:""00:04:00""","s:""1""}","{""x"":""00:04:00""","y:36.04","s:""2""}","{""y"":36.98","x:""00:06:00""","s:""1""}","{""x"":""00:"
"994","2019/1/12 3:30","33.34","江干大队","33.22","[{""y"":31.05","x:""00:00:00""","s:""1""}","{""x"":""00:00:00""","y:31.64","s:""2""}","{""y"":31.09","x:""00:02:00""","s:""1""}","{""x"":""00:02:00""","y:31.66","s:""2""}","{""y"":31.07","x:""00:04:00""","s:""1""}","{""x"":""00:04:00""","y:31.5","s:""2""}","{""y"":31.13","x:""00:06:00""","s:""1""}","{""x"":""00:0"
"995","2019/1/12 3:30","39.62","淳安大队","39.07","[{""y"":37.38","x:""00:00:00""","s:""1""}","{""x"":""00:00:00""","y:32.32","s:""2""}","{""y"":37.27","x:""00:02:00""","s:""1""}","{""x"":""00:02:00""","y:32.13","s:""2""}","{""y"":37.44","x:""00:04:00""","s:""1""}","{""x"":""00:04:00""","y:34.13","s:""2""}","{""y"":37.63","x:""00:06:00""","s:""1""}","{""x"":""00:"
"996","2019/1/12 3:30","36.89","滨江大队","35.97","[{""y"":33.38","x:""00:00:00""","s:""1""}","{""x"":""00:00:00""","y:33.22","s:""2""}","{""y"":33.38","x:""00:02:00""","s:""1""}","{""x"":""00:02:00""","y:33.44","s:""2""}","{""y"":33.42","x:""00:04:00""","s:""1""}","{""x"":""00:04:00""","y:33.42","s:""2""}","{""y"":33.33","x:""00:06:00""","s:""1""}","{""x"":""00:"
"997","2019/1/12 3:30","43.12","萧山大队","37.65","[{""y"":39.77","x:""00:00:00""","s:""1""}","{""x"":""00:00:00""","y:39.01","s:""2""}","{""y"":39.34","x:""00:02:00""","s:""1""}","{""x"":""00:02:00""","y:38.8","s:""2""}","{""y"":39.57","x:""00:04:00""","s:""1""}","{""x"":""00:04:00""","y:38.82","s:""2""}","{""y"":39.87","x:""00:06:00""","s:""1""}","{""x"":""00:0"
"998","2019/1/12 3:30","34.03","西湖大队","34.07","[{""y"":31.45","x:""00:00:00""","s:""1""}","{""x"":""00:00:00""","y:31.86","s:""2""}","{""y"":31.39","x:""00:02:00""","s:""1""}","{""x"":""00:02:00""","y:32.19","s:""2""}","{""y"":31.56","x:""00:04:00""","s:""1""}","{""x"":""00:04:00""","y:32.32","s:""2""}","{""y"":31.56","x:""00:06:00""","s:""1""}","{""x"":""00:"
"999","2019/1/12 0:06","37.63","淳安大队","32.43","[{""y"":37.38","x:""00:00:00""","s:""1""}","{""x"":""00:00:00""","y:32.32","s:""2""}","{""y"":37.27","x:""00:02:00""","s:""1""}","{""x"":""00:02:00""","y:32.13","s:""2""}","{""y"":37.44","x:""00:04:00""","s:""1""}","{""x"":""00:04:00""","y:34.13","s:""2""}","{""y"":37.63","x:""00:06:00""","s:""1""}","{""x"":""00:"
